20 0.45546875 0.51015625 0.2234375 0.74375
28 0.68359375 0.6421875 0.1015625 0.13125
28 0.5765625 0.61171875 0.10625 0.1921875
28 0.8484375 0.65 0.2953125 0.2609375
20 0.26953125 0.51875 0.140625 0.4125
22 0.13359375 0.490625 0.2671875 0.3625
20 0.196875 0.515625 0.096875 0.290625
22 0.12265625 0.24765625 0.2 0.2203125
22 0.21640625 0.69453125 0.4328125 0.4078125
22 0.14140625 0.65546875 0.2828125 0.3609375
16 0.92109375 0.49921875 0.0421875 0.040625
16 0.64765625 0.50625 0.0234375 0.0296875
16 0.67578125 0.5609375 0.025 0.01875
16 0.984375 0.425 0.028125 0.034375
11 0.5796875 0.3109375 0.078125 0.0625
11 0.2515625 0.446875 0.0375 0.0328125