27 0.51953125 0.35390625 0.47578125 0.7078125
27 0.759375 0.5 0.48046875 1
27 0.89453125 0.6453125 0.2109375 0.709375
3 0.29609375 0.65390625 0.5125 0.26796875
3 0.72578125 0.9484375 0.41953125 0.103125
5 0.44296875 0.49921875 0.8859375 0.1984375
4 0.07890625 0.64921875 0.1484375 0.17578125
4 0.73359375 0.52890625 0.19296875 0.121875
4 0.55859375 0.559375 0.1875 0.11953125
4 0.1328125 0.5328125 0.10625 0.07578125
4 0.03828125 0.55078125 0.0765625 0.0953125
4 0.2234375 0.5234375 0.09453125 0.0703125
4 0.3 0.5109375 0.0734375 0.078125
4 0.3796875 0.5125 0.0765625 0.06171875
4 0.42734375 0.50234375 0.0828125 0.06875
4 0.47890625 0.49296875 0.08984375 0.05703125
4 0.5359375 0.48984375 0.0859375 0.05
4 0.67109375 0.48203125 0.1 0.059375
4 0.75703125 0.4828125 0.07109375 0.05703125
4 0.81171875 0.471875 0.059375 0.0390625