28 0.0139158421875 0 0 0.7972380390625 0 0.99125991875 0.21266010781250003 0.9894022140625 0.4769221953125 0.5110833 0.47297938281249996 0.41018531874999997 0.0872128453125 0.058770335937499994 0.023363084375000003 0 0.0139158421875 0
28 1 0.1764642171875 0.946533503125 0.2098322234375 0.597642034375 0.3917136375 0.597298275 0.5700420890625 0.987323175 1 0.9913486328125 1 1 0.5043634296875 1 0.1764642171875
28 0.536819128125 0.38573585625 0.5438700390625 0.5010587671875 0.608171953125 0.5225944265625 0.6012616296875 0.38774625625 0.536819128125 0.38573585625
9 0.48453169999999995 0.50655395625 0.5453399296875 0.5060982093749999 0.539165421875 0.40687377343750003 0.47693069843749997 0.408756665625 0.48453169999999995 0.50655395625
9 0.442966146875 0.5371417890625 0.45342125624999996 0.5296212875 0.45824014843749994 0.421694159375 0.4427801359375 0.4026480796875 0.442966146875 0.5371417890625
9 0.6453919640625 0.60722825 0.6709347578125 0.6393000125 0.675260875 0.3785871078125 0.6489201046875 0.384117821875 0.6453919640625 0.60722825
9 0 0.6199466640625 0.0922411578125 0.582896253125 0.08569919375 0.40148491875000003 0.01147575 0.39075431250000003 0 0.5840230140625 0 0.6199466640625
16 0.7635273296875 0.0523044375 0.7965046328125001 0.005099343750000001 0.6674617890625 0.0028468921875 0.6902786609375 0.0453218828125 0.7635273296875 0.0523044375
16 0.5281207625000001 0.3852193875 0.5132844000000001 0.383547440625 0.5117300921875 0.38049184375 0.508640115625 0.3978175203125 0.520386371875 0.3980225515625 0.5281207625000001 0.3852193875
16 0.524968996875 0.3587475890625 0.522803465625 0.362505940625 0.5216412390625 0.3762117015625 0.536102596875 0.37726502968750003 0.548680746875 0.359467515625 0.524968996875 0.3587475890625
16 0.539730334375 0.3328228765625 0.557266146875 0.33400149375 0.5660431703125 0.31910032187500004 0.5377968359375 0.3134958234375 0.539730334375 0.3328228765625