20 0.3305212484375 0.43398752187499995 0.3315033421875 0.436581734375 0.33880677187499997 0.4394972453125 0.33965815 0.44751615781250004 0.3371840484375 0.450738853125 0.329944871875 0.46555756875 0.3268707140625 0.4860325078125 0.3211472234375 0.5093521156249999 0.3179147265625 0.518547653125 0.3166751484375 0.529189140625 0.3145881390625 0.534198015625 0.313173328125 0.5444614734375001 0.31115562343750003 0.5491443 0.310645709375 0.5575554203124999 0.30648747656249997 0.5771183718749999 0.3052687375 0.5792447828125 0.2965077140625 0.6240694578125 0.29515036875 0.6268479671875 0.2925940171875 0.6436843875 0.290682240625 0.6490712890625 0.2903109359375 0.6568303109375 0.291435584375 0.6611587250000001 0.30261892343749996 0.6662620593749999 0.30684535625 0.6668196328125 0.309677815625 0.6691255921875 0.31823660781249996 0.6709448203124999 0.32507969375 0.6700139015625 0.3418101859375 0.6718661765625 0.35423705 0.6687143234375 0.35636463125 0.6671218750000001 0.359951540625 0.6610686921875 0.36081586718750003 0.6557999265625 0.35944668125 0.651419534375 0.3612931015625 0.64874498125 0.3622633546875 0.6441802937500001 0.3624228015625 0.6350131203125 0.3770132453125 0.5675729140625 0.3806457796875 0.5468758796875 0.40040133750000007 0.4563381578125 0.4033278875 0.4521892921875 0.4070612984375 0.45025661250000004 0.40499512812500005 0.44675041249999997 0.4068623859375 0.4355607828125 0.4110938703125 0.41805808125 0.4148965859375 0.4157993515625 0.4231933203125 0.364741946875 0.423805215625 0.35464860468750004 0.47117245625 0.130600825 0.47535436875 0.125355675 0.4738832015625 0.12265750625 0.4734555375 0.1174549 0.47782957656249997 0.1016864015625 0.476668303125 0.0963278625 0.4702292 0.088143584375 0.46512660468749994 0.0856958734375 0.45614014999999997 0.078674040625 0.43643464375 0.0727816046875 0.428959928125 0.071874365625 0.4167736546875 0.0726918953125 0.4093395125 0.07520108125 0.4026795515625 0.0812826296875 0.3951868375 0.11172334218749999 0.35762412499999996 0.28844200937500003 0.3557895453125 0.29827546250000003 0.356327084375 0.3065684453125 0.3511580234375 0.327279659375 0.349710534375 0.33889929375 0.3305212484375 0.43398752187499995
10 0.39294429062499997 0.6561542109375 0.398907265625 0.65094685625 0.4029911421875 0.6497702296875 0.40685921406250003 0.64479915 0.421196121875 0.5929809421875001 0.4291739625 0.5602578859375 0.432687621875 0.5521444515625 0.435997315625 0.547395465625 0.43745269843749995 0.5405484328125 0.4345469875 0.5361822218750001 0.4307363796875 0.53366835 0.42388539999999997 0.52982666875 0.4110269265625 0.5253896140625 0.3891611609375 0.5224458046875 0.387037525 0.526424553125 0.3642038640625 0.635050915625 0.3635266109375 0.647856609375 0.3652423171875 0.650606753125 0.370100375 0.6530024875 0.38798819375 0.6578270015625 0.39294429062499997 0.6561542109375
9 0.76875 0.496875 0.1609375 0.3390625
9 0.53203125 0.4328125 0.0875 0.1859375
29 0.92265625 0.4171875 0.1546875 0.2375
22 0.1671875 0.5703125 0.334375 0.4125
25 0.16171875 0.5546875 0.30625 0.2828125
22 0.12265625 0.51796875 0.2453125 0.3078125
22 0.0703125 0.2265625 0.0671875 0.115625
22 0.2234375 0.42421875 0.2296875 0.159375
22 0.41953125 0.48671875 0.059375 0.0796875