20 0.3185 0.362 0.3195 0.3736666671875 0.3205 0.47066666718750005 0.322 0.47300000000000003 0.32975 0.4743333328125 0.33225 0.48200000000000004 0.3305 0.48566666718749996 0.3265 0.5016666671875 0.32775 0.5223333328125 0.327 0.5463333328125 0.32575 0.5559999999999999 0.32675 0.5666666671875 0.32575 0.572 0.3265 0.5823333328125 0.3255 0.5873333328125 0.32675 0.5956666671875 0.32675 0.6156666671875 0.32599999999999996 0.618 0.32675 0.6636666671875 0.32599999999999996 0.6666666671875 0.327 0.6836666671875 0.32625000000000004 0.6893333328125 0.3275 0.697 0.3295 0.701 0.3415 0.7036666671875 0.34575 0.7033333328125 0.34900000000000003 0.705 0.35775 0.705 0.36425 0.7026666671874999 0.381 0.701 0.39249999999999996 0.6953333328125 0.39425 0.6933333328125 0.39649999999999996 0.6866666671874999 0.39625 0.6813333328125 0.394 0.6773333328125 0.39525 0.6743333328125 0.39525 0.6696666671875 0.3935 0.6606666671875 0.39375 0.5916666671875 0.393 0.5706666671875 0.3935 0.47800000000000004 0.3955 0.4733333328125 0.39875 0.47066666718750005 0.396 0.4676666671875 0.3955 0.4563333328125 0.396 0.43833333281250003 0.39925 0.43533333281250003 0.39675 0.38366666718750003 0.39525 0.3736666671875 0.395 0.14466666718750001 0.398 0.1386666671875 0.396 0.13633333281249999 0.39449999999999996 0.13133333281249998 0.3955 0.11499999999999999 0.39325 0.11000000000000001 0.38525 0.10333333281249998 0.37975 0.10200000000000001 0.3695 0.097 0.34900000000000003 0.0953333328125 0.3415 0.096 0.32975 0.0993333328125 0.323 0.10333333281249998 0.31775000000000003 0.1106666671875 0.31675 0.142 0.31675 0.3226666671875 0.317 0.3326666671875 0.31925 0.3406666671875 0.3185 0.362
10 0.40475000000000005 0.6766666671875 0.42325 0.6776666671875 0.42774999999999996 0.675 0.4325 0.6686666671875 0.43624999999999997 0.6666666671875 0.43899999999999995 0.661 0.44225000000000003 0.6073333328125 0.44325000000000003 0.5736666671874999 0.445 0.5650000000000001 0.44725000000000004 0.5596666671875 0.44725000000000004 0.5526666671875 0.44349999999999995 0.549 0.43925000000000003 0.5473333328125001 0.43174999999999997 0.545 0.41825 0.5433333328125001 0.39625 0.545 0.395 0.5493333328125 0.39525 0.6603333328125001 0.39725 0.673 0.3995 0.6753333328125 0.40475000000000005 0.6766666671875
9 0.7625 0.44140625 0.0953125 0.32578125
9 0.5171875 0.42734375 0.0515625 0.17890625
29 0.90390625 0.33046875 0.12734375 0.21640625
22 0.1625 0.64375 0.325 0.35234375
25 0.18046875 0.6234375 0.2640625 0.23359375
22 0.13359375 0.596875 0.19765625 0.2734375
22 0.02265625 0.321875 0.0453125 0.10859375
22 0.2140625 0.48359375 0.21015625 0.11796875
22 0.41875 0.50390625 0.0453125 0.07109375