27 0.49296875 0.37109375 0.5921875 0.7421875
27 0.715625 0.49453125 0.56875 0.9890625
27 0.87421875 0.57421875 0.2515625 0.7359375
3 0.32578125 0.68671875 0.5515625 0.353125
3 0.7921875 0.9015625 0.415625 0.175
5 0.4484375 0.509375 0.896875 0.35
4 0.1109375 0.7203125 0.1765625 0.1984375
4 0.73515625 0.48828125 0.2109375 0.153125
4 0.56796875 0.5484375 0.2046875 0.15
4 0.14375 0.59609375 0.1171875 0.09375
4 0.05390625 0.63046875 0.0921875 0.1078125
4 0.23203125 0.57109375 0.1046875 0.0859375
4 0.3046875 0.5453125 0.0859375 0.0890625
4 0.38359375 0.5328125 0.0859375 0.0734375
4 0.42890625 0.51484375 0.09375 0.0828125
4 0.478125 0.496875 0.0984375 0.071875
4 0.53359375 0.48359375 0.09375 0.0640625
4 0.665625 0.45234375 0.109375 0.0765625
4 0.75 0.43828125 0.0796875 0.06875
4 0.80234375 0.41796875 0.065625 0.0484375