16 0.33125 0.4453125 0.0640625 0.0765625
16 0.81875 0.22109375 0.1046875 0.1015625
16 0.81796875 0.45078125 0.0609375 0.065625
16 0.81484375 0.53125 0.05 0.0453125
16 0.42421875 0.5671875 0.0578125 0.0609375
9 0.4390625 0.7265625 0.05 0.1625
16 0.4453125 0.60078125 0.0328125 0.0390625
16 0.4828125 0.63359375 0.0359375 0.046875
11 0.48671875 0.4921875 0.06875 0.0609375
20 0.07734375 0.7234375 0.1 0.4859375
20 0.52890625 0.7140625 0.0828125 0.3765625
22 0.31875 0.81484375 0.4140625 0.221875
22 0.22109375 0.846875 0.2171875 0.203125
22 0.01953125 0.60625 0.0375 0.171875
22 0.1375 0.54375 0.0703125 0.1015625
22 0.03984375 0.8609375 0.0359375 0.1859375
14 0.25390625 0.72734375 0.059375 0.1828125