22 0.16171875 0.7671875 0.3109375 0.465625
22 0.92421875 0.65703125 0.1515625 0.5296875
22 0.47890625 0.23203125 0.70625 0.2625
22 0.4484375 0.1234375 0.7046875 0.2
3 0.1953125 0.31484375 0.0859375 0.1171875
3 0.46875 0.2953125 0.128125 0.134375
3 0.7359375 0.196875 0.0640625 0.14375
25 0.6125 0.85234375 0.775 0.2953125
20 0.1390625 0.48203125 0.278125 0.8265625
20 0.90078125 0.3890625 0.1984375 0.778125
9 0.8640625 0.11171875 0.153125 0.2234375
9 0.07578125 0.246875 0.1421875 0.2609375
9 0.7609375 0.03828125 0.05625 0.0765625
9 0.12890625 0.165625 0.0640625 0.1203125
2 0.2875 0.24921875 0.1953125 0.1359375
2 0.6265625 0.171875 0.1765625 0.121875
16 0.43203125 0.090625 0.1140625 0.18125