1 0.8640625 0.70625 0.271875 0.45625
1 0.5609375 0.51484375 0.1171875 0.09375
1 0.8140625 0.56875 0.2125 0.1890625
20 0.7171875 0.41640625 0.1296875 0.3421875
1 0.77578125 0.4671875 0.046875 0.0609375
1 0.4515625 0.54453125 0.1140625 0.1109375
7 0.3796875 0.5859375 0.078125 0.1140625
26 0.93671875 0.565625 0.1265625 0.209375
20 0.22578125 0.528125 0.4515625 0.94375
29 0.371875 0.43984375 0.159375 0.190625
29 0.5734375 0.40859375 0.209375 0.18125
29 0.0453125 0.4890625 0.090625 0.271875
9 0.85078125 0.39921875 0.13125 0.21875
16 0.31796875 0.1890625 0.05 0.06875
16 0.53359375 0.2546875 0.0375 0.0484375
16 0.64296875 0.2875 0.0390625 0.0421875
16 0.91640625 0.2859375 0.0328125 0.028125
16 0.90703125 0.1015625 0.034375 0.071875