25 0.5 0.7125 1 0.575
22 0.49921875 0.775 0.9984375 0.45
22 0.8263077203125 0.5655681218749999 0.0463995578125 0.0742387875 0.048628765625 0.071868478125 0.0079958640625 0.037553848437499995 0.0566648234375 0.428716721875 0.78906476875 0.8081907718749999 0.8263077203125 0.5655681218749999
22 0.5738001875000001 0.148884253125 0.7101315421875001 0.35796907031249997 0.45704445312499997 0.467813128125 0.46462859375 0.595673296875 0.7651956625 0.45445209531249997 0.8101683015625 0.3229578328125 0.6523079265625 0.0825945671875 0.6525823109375 0.08506066875 0.5738001875000001 0.148884253125
22 0.3340575546875 0 0.032708840625 0.076597865625 0.089488159375 0.43397786875 0.3360632703125 0.22473370468749998 0.344891865625 0 0.3340575546875 0
22 0.33586697656250003 0 0.35444506875 0.172409821875 0.58829904375 0.0014651015625 0.5043634406249999 0 0.33586697656250003 0
22 1 0.022782996875 0.827489403125 0.015531014062500001 0.6932421671875 0.0901330328125 0.9796116640625 0.1683198609375 1 0.06549800781250001 1 0.022782996875
22 0.5138074968749999 0.33232422968750003 0.5173516031250001 0.393385546875 0.7095625875 0.4684181859375 0.72434711875 0.37989319843749997 0.5138074968749999 0.33232422968750003
20 0.5015625 0.29609375 0.053125 0.2671875
20 0.434375 0.45390625 0.0625 0.29375
20 0.2328125 0.1125 0.125 0.225
25 0.73046875 0.2734375 0.3046875 0.340625
19 0.790625 0.1859375 0.0734375 0.20625
19 0.85859375 0.4890625 0.115625 0.2453125
19 0.63984375 0.3328125 0.0328125 0.1140625
25 0.5953125 0.54921875 0.35 0.2078125