25 0.5 0.68671875 1 0.6265625
22 0.49453125 0.74921875 0.9890625 0.5015625
22 0.0592461515625 0 0.0665445921875 0.3827660734375 0.755266534375 0.8367179671875 0.8176664375 0.5993173781250001 0.09338859375 0.02915699375 0.0958533546875 0.027032685937500002 0.06991291875 0 0.0592461515625 0
22 0.6100974921875 0.158521921875 0.72382669375 0.3807118578125 0.4606442125 0.4634993734375 0.4548217796875 0.5914518703125 0.7685039453125 0.48242210625000004 0.8269751125000001 0.3563491046875 0.695104315625 0.100801671875 0.6951194203125 0.10328294375 0.6100974921875 0.158521921875
22 0.2866341109375 0 0.079526284375 0.03007208125 0.098638178125 0.3914293734375 0.3657344953125 0.2091055875 0.39605220937499996 0 0.2866341109375 0
22 0.389068140625 0 0.38948493125 0.15898976250000002 0.63992641875 0.013425890625 0.5305813109375 0 0.389068140625 0
22 1 0.07069386250000001 0.8763361796875 0.05241695 0.7350263296875 0.11257763437499999 1 0.2157328421875 1 0.07069386250000001
22 0.5312587484375 0.3346860515625 0.52840079375 0.395783328125 0.71171578125 0.49049645000000003 0.7356727015625 0.40400181562500004 0.5312587484375 0.3346860515625
20 0.52265625 0.29765625 0.0796875 0.2703125
20 0.43984375 0.446875 0.0921875 0.2984375
20 0.275 0.10234375 0.146875 0.2046875
25 0.753125 0.29921875 0.3375 0.3703125
19 0.821875 0.21875 0.0953125 0.2125
19 0.8578125 0.5265625 0.140625 0.25625
19 0.65625 0.3484375 0.04375 0.115625
25 0.58984375 0.559375 0.36875 0.2421875