22 0.48203125 0.7796875 0.9390625 0.440625
20 1 0.48103795624999995 0.9808819828124999 0.262518015625 0.9714928703125001 0.2613318171875 0.9675994625 0.2569879546875 0.9647106781250001 0.24117957343750002 0.9671306421875 0.23728717968750002 0.9625938765625 0.23132657031249998 0.95557904375 0.22859422187499998 0.94198515625 0.2281105015625 0.928507475 0.2289550375 0.9097250359375 0.23227132187500002 0.893827390625 0.2370082515625 0.879465509375 0.24495688593749998 0.8765764984375 0.24922492031250001 0.876281765625 0.2515929515625 0.8728365546875001 0.2552404359375 0.872446234375 0.267989634375 0.8863166421875001 0.4093185484375 0.8938122625 0.4749148765625 0.8959539 0.490788625 0.897722078125 0.4966568484375 0.9123768875 0.6469515140625 0.9134436046875001 0.6505388609375 0.915054103125 0.6517363875 0.919229828125 0.650701846875 0.9264065531250001 0.652416209375 0.928104209375 0.6546099296875 0.9289654546874999 0.6587171640625 0.928925865625 0.6726068015625 0.9249701390625 0.673287490625 0.9235297359375 0.6797710343750001 0.9252688625 0.68530719375 0.9280744796875 0.714507115625 0.93974491875 0.8593745671875 0.9464228703125 0.921361759375 0.9510924765625001 0.9259723203125001 0.9526282390624999 0.929184025 0.9593192875 0.9339523390625001 0.9634950109375 0.9329177984375001 0.9796623265625 0.9398685062500001 1 0.9447267343749999 1 0.48103795624999995
22 0.41328125 0.7734375 0.4453125 0.453125
22 0.50546875 0.56015625 0.2828125 0.2359375
25 0.21484375 0.86953125 0.3671875 0.2609375
22 0.3140625 0.69375 0.2109375 0.16875
25 0.78828125 0.79140625 0.303125 0.31875
22 0.79765625 0.63984375 0.2734375 0.159375
19 0.77265625 0.60703125 0.0421875 0.103125
1 0.85078125 0.6296875 0.1328125 0.0890625
20 0.33515625 0.56484375 0.084375 0.3546875