20 0.3237396203125 0.4551338328125 0.3250305484375 0.4575890203125 0.33263485 0.45959273749999996 0.3344571421875 0.46744812031249994 0.33239423125 0.4709483109375 0.32701496093750004 0.48653880312500003 0.326458984375 0.5072357703125 0.3236201015625 0.5310790765625 0.32153235156250004 0.540600015625 0.32159888593749997 0.5513132484375001 0.32013786093749996 0.5565391296875 0.319984396875 0.5668985078125 0.3185524234375 0.5717923265625 0.31907136875000003 0.58020289375 0.3173282546875 0.6001267875 0.31637774531249996 0.602385875 0.31314477812499997 0.647944134375 0.312136165625 0.6508673515625001 0.3116507125 0.6678898171875 0.310409684375 0.6734695515625 0.3109867328125 0.6812159906249999 0.3126305 0.6853750796875 0.3243524203125 0.6890774687500001 0.3286153 0.6891158140625 0.3317076734375 0.6910593953124999 0.3404243765625 0.6918220093749999 0.34710300625 0.6900640671875 0.36393452656249997 0.6898636015624999 0.37588464843749997 0.6852207875 0.37780230000000004 0.683380921875 0.3806247765625 0.676935725 0.380840559375 0.671600896875 0.37894774375 0.6674200171875 0.3804544546875 0.664540378125 0.38086118125 0.6598914703125 0.3799022421875 0.6507731953125 0.3861650375 0.58205755 0.3872481609375 0.5610720953125 0.39582269062500003 0.46880162968750005 0.3982218078125 0.46432703281250004 0.4016918546875 0.4619537703125 0.39921378750000003 0.4587255078125 0.3997034546875 0.447391721875 0.40177035625 0.4295037953125 0.40526945625 0.42679846718750003 0.407282015625 0.3751105203125 0.40665928124999995 0.36501783906249996 0.426368896875 0.1368674640625 0.429880415625 0.1311517640625 0.428091390625 0.128652996875 0.4270328765625 0.12354129062500001 0.429452615625 0.107357265625 0.42764695625 0.1021801921875 0.4202584359375 0.09484164843750001 0.4148955734375 0.0930340328125 0.40512035625 0.0871597125 0.38484362499999997 0.08371269375 0.3773140609375 0.08372315625 0.365318253125 0.086019725 0.3582453171875 0.08941620312500001 0.3523761515625 0.0962640640625 0.348649078125 0.12739100781249998 0.33290294062500003 0.30737018437499997 0.33228043125 0.3173539203125 0.3338246234375 0.325519578125 0.33121815468750004 0.3467063640625 0.3311975328125 0.3584157921875 0.3237396203125 0.4551338328125
10 0.41277267812499996 0.6680370703125 0.4180565890625 0.6621418265625 0.42196663125 0.660476271875 0.42520004843750003 0.6550708453125 0.4331150390625 0.601891653125 0.43704547812500005 0.5684402546875 0.43954416875 0.5599590890624999 0.4422504375 0.5548421515624999 0.4428605265625 0.5478687890625 0.43944436875 0.543889240625 0.43535579999999996 0.5418585031250001 0.428087703125 0.53888038125 0.414784334375 0.5360434546875 0.3927227921875 0.535786353125 0.3910998734375 0.5399942515625 0.38167463437500004 0.6505936515624999 0.3825630515625 0.6633864296875001 0.3846011265625 0.6659069843750001 0.389714940625 0.6676928125 0.40805738593749996 0.6703013890625 0.41277267812499996 0.6680370703125
9 0.76640625 0.46484375 0.1234375 0.3328125
9 0.5234375 0.42890625 0.0671875 0.1828125
29 0.9171875 0.36640625 0.1453125 0.2265625
22 0.1640625 0.61328125 0.328125 0.3796875
25 0.17109375 0.5953125 0.2828125 0.25625
22 0.1265625 0.56484375 0.2203125 0.2890625
22 0.03984375 0.28125 0.0546875 0.1125
22 0.21640625 0.45859375 0.2203125 0.1359375
22 0.41875 0.496875 0.0515625 0.075