9 0.57578125 0.4703125 0.090625 0.25
9 0.1796875 0.45390625 0.06640625 0.1609375
28 0.2625 0.43515625 0.090625 0.1578125
9 0.3046875 0.4359375 0.0265625 0.11484375
9 0.34765625 0.43359375 0.03984375 0.1234375
9 0.88203125 0.5 0.2359375 1
28 0.703125 0.53984375 0.19296875 0.8125
9 0.62421875 0.50078125 0.0203125 0.36484375
29 0.678125 0.375 0.06328125 0.278125
28 0.07578125 0.42578125 0.1515625 0.1765625
29 0.08203125 0.4078125 0.05859375 0.078125
28 0.45390625 0.45546875 0.1796875 0.25859375
10 0.734375 0.94453125 0.14296875 0.1109375