22 0.45703125 0.79453125 0.9078125 0.3953125
20 0.8965 0.5313333328125001 0.898 0.6823333328125 0.89875 0.686 0.90025 0.6873333328125 0.9045 0.6866666671874999 0.9115 0.689 0.913 0.6913333328125 0.9135 0.6955 0.91225 0.7093333328125 0.90825 0.7096666671875 0.90625 0.716 0.9075 0.7216666671875 0.9077500000000001 0.751 0.9067500000000001 0.8963333328124999 0.908 0.9586666671874999 0.91225 0.9636666671875 0.9135 0.967 0.91975 0.9723333328124999 0.924 0.9716666671875 0.9395 0.9800000000000001 0.9664999999999999 0.9890000000000001 0.9887499999999999 0.99 0.99975 0.9890000000000001 0.99975 0.30533333281249997 0.9904999999999999 0.30333333281249997 0.9869999999999999 0.2986666671875 0.9855 0.2826666671875 0.9882500000000001 0.279 0.98425 0.2726666671875 0.9775 0.2693333328125 0.9640000000000001 0.2676666671875 0.9505000000000001 0.2673333328125 0.9315 0.269 0.91525 0.2723333328125 0.90025 0.279 0.897 0.28300000000000003 0.8965 0.2853333328125 0.89275 0.2886666671875 0.89125 0.30133333281249997 0.89275 0.44333333281250004 0.8945000000000001 0.5093333328125 0.8952500000000001 0.5253333328124999 0.8965 0.5313333328125001
22 0.38828125 0.778125 0.4078125 0.44375
22 0.5 0.56015625 0.265625 0.21328125
25 0.18359375 0.85625 0.346875 0.25703125
22 0.29765625 0.6765625 0.19921875 0.1515625
25 0.76171875 0.815625 0.278125 0.29609375
22 0.784375 0.665625 0.2625 0.13671875
19 0.7625 0.63046875 0.03359375 0.1
1 0.83828125 0.66015625 0.12578125 0.078125
20 0.33046875 0.55 0.05390625 0.3515625