22 0.11171875 0.67578125 0.2234375 0.5484375
22 0.88515625 0.771875 0.2203125 0.45625
22 0.571875 0.240625 0.70625 0.2390625
22 0.58046875 0.128125 0.7078125 0.1765625
3 0.2765625 0.221875 0.0828125 0.115625
3 0.540625 0.296875 0.125 0.13125
3 0.825 0.29609375 0.0609375 0.1421875
25 0.49375 0.86953125 0.8125 0.2609375
20 0.14765625 0.37890625 0.2953125 0.7578125
20 0.91484375 0.5359375 0.1703125 0.79375
9 0.959375 0.2203125 0.08125 0.30625
9 0.1875 0.1234375 0.134375 0.246875
9 0.91015625 0.1375 0.053125 0.1140625
9 0.26484375 0.05859375 0.0609375 0.1171875
2 0.3859375 0.19140625 0.1921875 0.13125
2 0.73125 0.23515625 0.175 0.1171875
16 0.5765625 0.0921875 0.109375 0.18125