22 0.10859375 0.73984375 0.21640625 0.5203125
22 0.92890625 0.74375 0.1421875 0.5125
22 0.53046875 0.2328125 0.69375 0.13203125
22 0.52109375 0.1203125 0.70546875 0.06640625
3 0.2359375 0.26015625 0.0671875 0.10625
3 0.50859375 0.29296875 0.1078125 0.115625
3 0.7890625 0.24765625 0.0390625 0.13828125
25 0.5578125 0.8984375 0.790625 0.203125
20 0.1078125 0.40546875 0.215625 0.80078125
20 0.9453125 0.46640625 0.10859375 0.7859375
9 0.940625 0.146875 0.0984375 0.29375
9 0.13203125 0.1703125 0.09609375 0.24765625
9 0.8484375 0.078125 0.0359375 0.11015625
9 0.19921875 0.10078125 0.04375 0.1140625
2 0.3390625 0.21328125 0.178125 0.10390625
2 0.68671875 0.20234375 0.1625 0.0921875
16 0.51171875 0.08515625 0.08359375 0.16953125