28 0.228125 0.709375 0.4296875 0.3796875
20 0.31507564375 0.8051343781250001 0.34361981875000003 0.9237523796874999 0.34297012968749996 0.9283803578125 0.345872540625 0.9410546828124999 0.3466795984375 0.9432582249999999 0.3496691703125 0.9459482203125 0.35937017187500003 0.9466213296875001 0.3664041640625 0.9458981718749999 0.38993448750000004 0.939000790625 0.40400638281249995 0.9313698171875 0.41096429843750004 0.9231077953125 0.4108856140625 0.9196920359374999 0.4041904859375 0.8959395156250001 0.400397115625 0.8858920953125 0.37354378593750004 0.7781892703125 0.31960172343750004 0.5515055609374999 0.314227796875 0.5351188765625 0.291780053125 0.440952328125 0.2844241515625 0.43935098281249996 0.2643731109375 0.441601965625 0.238820903125 0.44969053593749997 0.2321894625 0.4530616296875 0.23113657031249998 0.45607244687500004 0.253232103125 0.544692790625 0.25605126562499997 0.5611667875 0.2978192 0.734889175 0.302418325 0.7492016890625 0.3151595453125 0.80030393125 0.31507564375 0.8051343781250001
20 1 0.8119012890624999 0.9901462953125 0.78454165 0.97966105625 0.745587828125 0.9746580765624999 0.7306889328125 0.9706208296875 0.722763546875 0.966590753125 0.703499621875 0.9612645593750001 0.6883377734375 0.959567846875 0.686699584375 0.95884208125 0.683788696875 0.959733040625 0.681161790625 0.9580369781250001 0.678492825 0.9577976640625 0.673399425 0.9555364671875 0.6694972124999999 0.9549732859375 0.6651716359375001 0.952874021875 0.6608855124999999 0.9421475140625001 0.6199306203125 0.9389986171875 0.6135014328125 0.9344827421874999 0.595389246875 0.9336009109375001 0.5835852859374999 0.9273870171875 0.5658964625 0.9181946375000001 0.5279944484375 0.9104446609375 0.510345075 0.8989097906250001 0.46924819375000004 0.8933410234375 0.45414682656250005 0.892617865625 0.44711283437500005 0.8889857765625001 0.4377122796875 0.8632561984375 0.342783709375 0.8599460203125 0.335707659375 0.8322751984375 0.242293709375 0.82767020625 0.23725817968750001 0.822820684375 0.2353754609375 0.8022032031249999 0.2384547484375 0.7840894953124999 0.2453757703125 0.7744645703125 0.25224152499999997 0.760716540625 0.25910467187499997 0.756105028125 0.26437690625 0.755455990625 0.267974109375 0.76546195 0.297771903125 0.7669915140625 0.3080402140625 0.77094746875 0.3166729453125 0.77360730625 0.32940775 0.776676865625 0.33345195156249996 0.777078765625 0.3371306640625 0.7816798453125 0.34835085 0.7811114484375 0.352271484375 0.78748923125 0.3664840671875 0.7907155078125 0.378390565625 0.7920024984375 0.388719359375 0.7947468875 0.3955929375 0.79603518125 0.40386017656249995 0.7979725125 0.4085302140625 0.7995040328125 0.415706196875 0.7992595031249999 0.41885900625000005 0.8025657687500001 0.43211971406250005 0.8243446078125001 0.51016934375 0.832008728125 0.53574149375 0.8345118484375 0.5406140015625 0.842254 0.5706326890625 0.8566971499999999 0.6151269109374999 0.8661321046875001 0.6529684437500001 0.87162023125 0.66774638125 0.8806949109375 0.7000093656249999 0.8981542593749999 0.769001596875 0.9004148046875 0.7739345859375 0.9025101578125 0.7844053671875 0.907593778125 0.799627696875 0.9133186109375 0.8236221390624999 0.9137985421874999 0.8317473874999999 0.9171861 0.8443007515625001 0.9274496296875 0.8503302125 0.9402221468749999 0.8519551968749999 0.9584938765625 0.850834921875 0.9962547703125001 0.8410765359375001 1 0.838214621875 1 0.8119012890624999
1 0.12734375 0.82890625 0.1546875 0.1921875
1 0.25 0.79765625 0.1671875 0.1578125
22 0.625 0.7390625 0.528125 0.3109375
22 0.71875 0.7484375 0.24375 0.2734375
28 0.66015625 0.6 0.2953125 0.265625
9 0.6015625 0.6234375 0.115625 0.225
28 0.4765625 0.6515625 0.18125 0.253125
9 0.45703125 0.65859375 0.0875 0.209375
10 0.8578125 0.75703125 0.13125 0.2359375
25 0.94296875 0.61328125 0.1140625 0.4546875
22 0.934375 0.55234375 0.13125 0.4453125
22 0.72578125 0.3484375 0.165625 0.1875