9 0.571875 0.4625 0.115625 0.2578125
9 0.1765625 0.4875 0.0828125 0.1671875
28 0.25703125 0.46015625 0.10625 0.1671875
9 0.29921875 0.45703125 0.0390625 0.1171875
9 0.34140625 0.45 0.053125 0.1265625
9 0.8546875 0.484375 0.290625 0.96875
28 0.70625 0.51875 0.2765625 0.828125
9 0.6234375 0.4875 0.0578125 0.365625
29 0.6640625 0.35703125 0.0921875 0.2828125
28 0.07734375 0.46953125 0.1546875 0.1921875
29 0.075 0.45234375 0.0671875 0.084375
28 0.44921875 0.46015625 0.20625 0.2765625
10 0.7796875 0.91796875 0.153125 0.125