20 0.46875 0.5640625 0.0859375 0.4453125
20 0.3796875 0.5375 0.0453125 0.2140625
1 0.121875 0.63125 0.13125 0.165625
1 0.175 0.59921875 0.071875 0.1046875
26 0.2203125 0.63046875 0.1171875 0.128125
1 0.2640625 0.6046875 0.059375 0.109375
1 0.21796875 0.5703125 0.059375 0.05625
1 0.3234375 0.67109375 0.1125 0.134375
1 0.525 0.58984375 0.0796875 0.0640625
1 0.66328125 0.62734375 0.1078125 0.0921875
1 0.8875 0.68984375 0.1296875 0.1546875
29 0.11484375 0.4421875 0.0625 0.178125
29 0.17109375 0.46796875 0.0296875 0.103125
29 0.20703125 0.48046875 0.021875 0.0765625
29 0.540625 0.5234375 0.0890625 0.109375
29 0.8109375 0.53125 0.378125 0.234375
2 0.41328125 0.51171875 0.0484375 0.078125
9 0.30703125 0.534375 0.0421875 0.134375
19 0.22890625 0.55234375 0.0390625 0.0609375
7 0.8234375 0.7 0.078125 0.134375
26 0.82890625 0.690625 0.0859375 0.11875