22 0.328125 0.5703125 0.471875 0.3078125
22 0.41875 0.571875 0.2640625 0.2546875
22 0.35078125 0.47734375 0.4171875 0.1953125
20 0.56953125 0.5390625 0.1875 0.434375
20 0.16640625 0.39296875 0.11875 0.284375
19 0.5796875 0.62734375 0.1578125 0.309375
9 0.85390625 0.57734375 0.1015625 0.1578125
9 0.68828125 0.51640625 0.078125 0.1296875
9 0.3625 0.4375 0.0609375 0.1140625
14 0.19453125 0.4078125 0.1078125 0.1625
9 0.053125 0.365625 0.10625 0.18125
28 0.93515625 0.61171875 0.1296875 0.2046875
11 0.6609375 0.41484375 0.0578125 0.0515625