5 0.5 0.53125 1 0.271875
4 0.375 0.6625 0.1453125 0.14375
4 0.49140625 0.66953125 0.121875 0.15
4 0.62890625 0.6734375 0.1015625 0.128125
4 0.7640625 0.6875 0.1484375 0.15
4 0.2609375 0.6421875 0.1234375 0.1109375
4 0.17578125 0.6046875 0.1125 0.0546875
4 0.0640625 0.5953125 0.1046875 0.0578125
4 0.03046875 0.5515625 0.0609375 0.046875
4 0.0953125 0.55546875 0.0546875 0.021875
4 0.184375 0.58046875 0.084375 0.078125
4 0.278125 0.59140625 0.0734375 0.06875
4 0.35859375 0.603125 0.0734375 0.065625
4 0.42578125 0.590625 0.0703125 0.0671875
4 0.49453125 0.5921875 0.0625 0.065625
4 0.57421875 0.60546875 0.0734375 0.028125
4 0.73515625 0.6203125 0.096875 0.078125
4 0.63515625 0.6046875 0.0921875 0.0859375
4 0.7984375 0.62421875 0.0484375 0.0953125
4 0.94296875 0.6046875 0.0671875 0.0484375
10 0.08515625 0.7640625 0.0890625 0.1578125
3 0.7296875 0.8640625 0.425 0.271875
25 0.3171875 0.89453125 0.596875 0.2109375
18 0.328125 0.859375 0.65625 0.28125
27 0.56484375 0.28515625 0.4234375 0.5703125
27 0.92421875 0.29296875 0.1515625 0.5203125