1 0.8484375 0.79921875 0.27421875 0.4015625
1 0.55546875 0.52890625 0.103125 0.07109375
1 0.78828125 0.64296875 0.18203125 0.14921875
20 0.73125 0.471875 0.04921875 0.33984375
1 0.77578125 0.53515625 0.034375 0.05390625
1 0.4421875 0.53125 0.0953125 0.08984375
7 0.3625 0.55390625 0.0546875 0.1046875
26 0.93203125 0.675 0.1359375 0.18125
20 0.20078125 0.5 0.2515625 1
29 0.38984375 0.4109375 0.12265625 0.165625
29 0.59375 0.42890625 0.18046875 0.14140625
29 0.0390625 0.375 0.07734375 0.26015625
9 0.86484375 0.48671875 0.08515625 0.20390625
16 0.3984375 0.15390625 0.03671875 0.06171875
16 0.5921875 0.2703125 0.02734375 0.04375
16 0.68984375 0.328125 0.03125 0.0359375
16 0.95546875 0.39296875 0.02890625 0.021875
16 0.99140625 0.21171875 0.0171875 0.0703125