5 0.5 0.53125 1 0.35625
4 0.421875 0.6890625 0.1546875 0.153125
4 0.5359375 0.665625 0.1328125 0.1578125
4 0.66953125 0.634375 0.1109375 0.134375
4 0.80390625 0.61328125 0.159375 0.159375
4 0.30625 0.69921875 0.13125 0.11875
4 0.2140625 0.68515625 0.115625 0.0640625
4 0.10390625 0.7046875 0.1078125 0.065625
4 0.05625 0.6734375 0.071875 0.0515625
4 0.1234375 0.65859375 0.0546875 0.0265625
4 0.21640625 0.659375 0.0890625 0.084375
4 0.309375 0.6453125 0.078125 0.0734375
4 0.38984375 0.6359375 0.078125 0.0703125
4 0.4515625 0.60703125 0.075 0.071875
4 0.51796875 0.590625 0.0671875 0.0703125
4 0.5984375 0.5828125 0.075 0.034375
4 0.7578125 0.55546875 0.1015625 0.0859375
4 0.6578125 0.565625 0.096875 0.0921875
4 0.8203125 0.54296875 0.05625 0.0984375
4 0.95546875 0.48671875 0.0703125 0.0546875
10 0.1671875 0.8625 0.1015625 0.1625
3 0.79921875 0.81015625 0.4015625 0.3421875
25 0.42578125 0.89921875 0.6046875 0.2015625
18 0.4140625 0.86328125 0.7 0.2734375
27 0.50546875 0.28671875 0.4671875 0.5734375
27 0.8765625 0.22421875 0.234375 0.4484375