25 0.3703125 0.69921875 0.73984375 0.6015625
22 0.41328125 0.6859375 0.68984375 0.628125
22 0.3515625 0.3859375 0.7015625 0.38203125
22 0.8703125 0.665625 0.259375 0.66796875
9 0.18046875 0.15234375 0.16015625 0.3046875
9 0.4953125 0.10546875 0.065625 0.20703125
28 0.59921875 0.08984375 0.14765625 0.17890625
9 0.6921875 0.07421875 0.04375 0.14765625
9 0.85546875 0.1140625 0.1296875 0.228125
20 0.7453125 0.19375 0.08984375 0.3875
28 0.07734375 0.146875 0.14375 0.29375
28 0.34140625 0.1265625 0.2515625 0.253125
28 0.94140625 0.121875 0.11640625 0.24296875