9 0.58046875 0.48984375 0.1484375 0.2640625
9 0.2 0.378125 0.103125 0.171875
28 0.28515625 0.3796875 0.1265625 0.175
9 0.32578125 0.390625 0.053125 0.1171875
9 0.36796875 0.3984375 0.06875 0.1296875
9 0.8171875 0.5390625 0.365625 0.921875
28 0.6875 0.58515625 0.384375 0.8296875
9 0.6203125 0.53046875 0.1078125 0.359375
29 0.703125 0.421875 0.128125 0.2859375
28 0.10625 0.325 0.1890625 0.2078125
29 0.11640625 0.309375 0.075 0.090625
28 0.46640625 0.4453125 0.2375 0.29375
10 0.61875 0.95859375 0.165625 0.0828125