22 0.44765625 0.7671875 0.8953125 0.465625
20 1 0.3287322390625 0.988855725 0.32594582031249997 0.9754969750000001 0.323969734375 0.9564354828124999 0.3233084609375 0.9399003765625 0.3246365703125 0.9241997218750001 0.3294255046875 0.9204864703125001 0.3329996140625 0.919705834375 0.33525462031250003 0.91557755625 0.3381060984375 0.9125450578125 0.3504955453125 0.89672843125 0.49161990156249996 0.890422009375 0.5573412203125 0.889216509375 0.5733133593749999 0.8897259765625 0.5794209734375 0.872812525 0.7294782468750001 0.8731100796875 0.733208984375 0.8744364062500001 0.7347151828125 0.8787359734375 0.73457143125 0.8853994359374999 0.7377404578125 0.88660389375 0.7402392015625 0.8865923765625 0.744435746875 0.8836658359375 0.75801363125 0.8796550265624999 0.757857003125 0.8768980953125001 0.7638993890625 0.8774481859375 0.7696761546875 0.8741214875000001 0.798821309375 0.8554172640625 0.9429494796875 0.8495707984375 1 0.9421107546874999 1 1 0.5285299265625001 1 0.3287322390625
22 0.3546875 0.75859375 0.459375 0.4828125
22 0.49296875 0.559375 0.2890625 0.24375
25 0.16484375 0.8140625 0.3296875 0.296875
22 0.27734375 0.65078125 0.215625 0.175
25 0.7203125 0.840625 0.3125 0.31875
22 0.76171875 0.69921875 0.2765625 0.1671875
19 0.74453125 0.66171875 0.0453125 0.103125
1 0.81640625 0.7 0.134375 0.0921875
20 0.32578125 0.52890625 0.096875 0.35625