9 0.8156207515625 1 0.9976286296874999 0.15749308125 0.85895958125 0.2803398140625 0.7217413328125 0.944135196875 0.7526254625 1 0.8156207515625 1
9 0.6515814265625 0.7065939109375 0.667318421875 0.716962203125 0.73452006875 0.38993456718749997 0.71233970625 0.40558713125 0.6515814265625 0.7065939109375
28 0.58125 0.50234375 0.1015625 0.1703125
9 0.5983768031250001 0.6086784062499999 0.6220234234375 0.6149795484375 0.6526733375 0.43971962031249995 0.6229293703125001 0.4343026046875 0.5983768031250001 0.6086784062499999
9 0.6230966640625 0.616951196875 0.6348753796875 0.6253633078124999 0.6839227953125 0.43127897812500005 0.653865253125 0.4328855 0.6230966640625 0.616951196875
9 0.2878294296875 0.667850034375 0.3078378125 0.6820307999999999 0.3933261 0.30080046562499996 0.36219843749999997 0.3022668375 0.2878294296875 0.667850034375
26 0.521875 0.55625 0.2015625 0.265625
9 0.51345498125 0.5622324015625 0.5365772390625 0.5675705953125 0.562126325 0.43658842968749995 0.5316011375 0.42954113437499997 0.51345498125 0.5622324015625
26 0.4109375 0.51171875 0.1359375 0.19375
26 0.46328125 0.76328125 0.2671875 0.384375
26 0.37109375 0.67421875 0.1703125 0.2328125
11 0.56171875 0.2703125 0.0875 0.059375
16 0.659375 0.31171875 0.046875 0.0421875
16 0.5609375 0.4203125 0.025 0.0203125
16 0.590625 0.3828125 0.03125 0.0328125
29 0.76171875 0.4515625 0.0828125 0.1984375
28 0.22421875 0.47421875 0.4484375 0.9484375
28 0.4796875 0.4390625 0.1421875 0.3109375