5 0.5 0.53203125 1 0.18515625
4 0.38984375 0.67265625 0.134375 0.13203125
4 0.50625 0.66953125 0.11015625 0.14140625
4 0.64375 0.66171875 0.0921875 0.1203125
4 0.7796875 0.6640625 0.13671875 0.13828125
4 0.27421875 0.6625 0.115625 0.10078125
4 0.1859375 0.6328125 0.109375 0.04609375
4 0.07421875 0.6328125 0.1015625 0.0484375
4 0.0328125 0.59375 0.065625 0.040625
4 0.1015625 0.590625 0.053125 0.0171875
4 0.19296875 0.6078125 0.078125 0.071875
4 0.28671875 0.61015625 0.06796875 0.0625
4 0.36796875 0.61484375 0.06875 0.059375
4 0.43359375 0.596875 0.065625 0.0609375
4 0.50234375 0.5921875 0.0578125 0.0609375
4 0.5828125 0.5984375 0.071875 0.02265625
4 0.74453125 0.59921875 0.090625 0.07109375
4 0.64375 0.5921875 0.08515625 0.078125
4 0.8078125 0.59765625 0.040625 0.0921875
4 0.95078125 0.565625 0.0640625 0.04375
10 0.109375 0.79921875 0.07578125 0.1515625
3 0.7625 0.86171875 0.403125 0.2765625
25 0.35234375 0.9140625 0.584375 0.171875
18 0.3453125 0.88125 0.66875 0.2375
27 0.54609375 0.275 0.37734375 0.55
27 0.92578125 0.2546875 0.1484375 0.509375