27 0.54453125 0.37421875 0.5921875 0.7484375
27 0.715625 0.50546875 0.56875 0.9890625
27 0.8484375 0.671875 0.303125 0.65625
3 0.27421875 0.615625 0.5484375 0.353125
3 0.64375 0.94609375 0.43125 0.1078125
5 0.4484375 0.4890625 0.896875 0.35
4 0.0734375 0.57421875 0.146875 0.1984375
4 0.725 0.56875 0.2109375 0.153125
4 0.54765625 0.56875 0.2046875 0.15
4 0.1328125 0.46875 0.1171875 0.09375
4 0.04140625 0.46953125 0.0828125 0.1078125
4 0.2234375 0.475 0.1046875 0.0859375
4 0.30078125 0.47578125 0.0859375 0.0890625
4 0.3796875 0.49140625 0.0859375 0.0734375
4 0.428125 0.48984375 0.09375 0.0828125
4 0.48046875 0.4890625 0.0984375 0.071875
4 0.5375 0.49609375 0.09375 0.0640625
4 0.671875 0.51171875 0.109375 0.0765625
4 0.75625 0.52734375 0.0796875 0.06875
4 0.81171875 0.5265625 0.065625 0.0484375