20 0.46015625 0.559375 0.1453125 0.4453125
20 0.37578125 0.52109375 0.075 0.2140625
1 0.1078125 0.57734375 0.1515625 0.1796875
1 0.1640625 0.553125 0.084375 0.1125
26 0.20546875 0.590625 0.13125 0.140625
1 0.2515625 0.57109375 0.071875 0.1140625
1 0.2109375 0.53046875 0.065625 0.0625
1 0.3015625 0.64453125 0.128125 0.146875
1 0.5125 0.5921875 0.0859375 0.0734375
1 0.64375 0.64921875 0.1171875 0.1046875
1 0.8578125 0.7421875 0.146875 0.1671875
29 0.1265625 0.38984375 0.0859375 0.18125
29 0.17890625 0.421875 0.0421875 0.103125
29 0.2125 0.43984375 0.0328125 0.0765625
29 0.53671875 0.52890625 0.1015625 0.11875
29 0.80234375 0.575 0.3953125 0.28125
2 0.4125 0.5 0.0578125 0.0828125
9 0.3046875 0.50703125 0.059375 0.1359375
19 0.225 0.5140625 0.046875 0.0640625
7 0.79296875 0.74296875 0.09375 0.140625
26 0.79921875 0.734375 0.1015625 0.128125