22 0.1328125 0.38671875 0.265625 0.5921875
20 0.10773708281250001 0.07463421249999999 0.10815315156250001 0.092382465625 0.10854283437500001 0.1222240765625 0.10770062968750001 0.1481869046875 0.108919321875 0.1581123671875 0.1118343484375 0.16749370937500002 0.11485805 0.183914275 0.114660375 0.19871535625 0.1108076625 0.20221094062499997 0.11008628437500001 0.21069542968750002 0.1098611796875 0.21911898437500002 0.11281243125 0.23084673437499997 0.111562953125 0.235030190625 0.111843959375 0.257832575 0.11031995624999999 0.27413985625000004 0.11153865 0.28406531875 0.11103358125 0.288157371875 0.1095403640625 0.2903557359375 0.1153880078125 0.30105618125 0.11865000781249999 0.3030065140625 0.12470956250000001 0.31133008281249996 0.127105284375 0.3123792703125 0.13291230468749998 0.322748865625 0.1516860796875 0.340258096875 0.1601501515625 0.345599734375 0.16106585 0.342800609375 0.161516059375 0.3259535 0.1626886890625 0.3190927859375 0.160339259375 0.2589306703125 0.16125495781250002 0.25613154531250004 0.1610101765625 0.23567556562499997 0.1623815234375 0.23248465624999998 0.16102672499999998 0.20914244218750003 0.16165701875 0.185556490625 0.15862914687500002 0.09525238124999999 0.1603924890625 0.082945753125 0.160328834375 0.07422181562499999 0.1586907171875 0.067034546875 0.15461185625 0.0604827984375 0.143268984375 0.0481062265625 0.1331085796875 0.043308709375 0.1326167046875 0.041354084375 0.1068105046875 0.044522687500000005 0.1058728171875 0.057399612499999995 0.10773708281250001 0.07463421249999999
20 0.6336013765625 0.24649516875000002 0.6375901953125 0.25641633750000004 0.64197645 0.2736771140625 0.6444094390624999 0.295543596875 0.6471575734375 0.305617103125 0.648741875 0.31852020312499996 0.65317315 0.33409626718749996 0.6566305125 0.3602028484375 0.658114934375 0.362035603125 0.67030985 0.3628891140625 0.6728362359375 0.3608997296875 0.685865603125 0.3582924140625 0.6986512328125001 0.35370000625000003 0.7015926453125 0.350987990625 0.6987094468749999 0.3459686171875 0.6981945390625001 0.3356209046875 0.6953969843750001 0.32924766875 0.691421359375 0.3132798203125 0.69143015625 0.3092487015625 0.68608758125 0.294456203125 0.6799907578125 0.265315340625 0.6758756734375 0.256417184375 0.6757845890625 0.241315721875 0.6715872140625 0.21328498125 0.668062840625 0.1989409109375 0.6655946687500001 0.1931989046875 0.664741584375 0.18625108125 0.6491816609375001 0.1169642390625 0.644136640625 0.09844100156249999 0.6407571703125 0.0934825640625 0.6277728234375 0.0944051671875 0.6231800984375 0.09597659375 0.6069117625 0.10502666249999999 0.6052110328125 0.1075863421875 0.6045390734375 0.1123705609375 0.606904009375 0.1275286671875 0.6193183609374999 0.17940239687499998 0.61983326875 0.189750109375 0.6266657046875 0.22283068906249998 0.6307763921875 0.2337444046875 0.6336013765625 0.24649516875000002
22 0.403125 0.3046875 0.521875 0.28125
25 0.67734375 0.76875 0.6453125 0.4625
22 0.84453125 0.65234375 0.3109375 0.6328125
22 0.83359375 0.36875 0.3328125 0.5125
22 0.821875 0.23359375 0.31875 0.2375
22 0.06640625 0.2421875 0.1328125 0.246875
22 0.265625 0.67109375 0.35625 0.6578125
22 0.18359375 0.93828125 0.2734375 0.1234375
10 0.575 0.340625 0.0578125 0.0984375