9 0.9078271484375 0.054329426562500005 0.8003466796875 0.2052213546875 0.815966796875 0.8828710937500001 0.92119140625 1 0.9078271484375 0.054329426562500005
9 0.70375 0.33999999999999997 0.6856591796875 0.36024088593750003 0.694169921875 0.6672005203125 0.7118359375 0.6737630203125 0.70375 0.33999999999999997
28 0.5796875 0.484375 0.0671875 0.159375
9 0.6352001953124999 0.4069205734375 0.605 0.40833333281249995 0.6203027343749999 0.5837630203125 0.6447607421875 0.5845833328125 0.6352001953124999 0.4069205734375
9 0.6637500000000001 0.3916666671875 0.6348242187500001 0.3999934890625 0.64625 0.5862630203125 0.659619140625 0.5918098953125 0.6637500000000001 0.3916666671875
9 0.35125 0.32990234375 0.32125 0.3383333328125 0.33102539062499997 0.7112760421875 0.3537109375 0.7205924484375 0.35125 0.32990234375
26 0.53359375 0.55 0.15234375 0.23671875
9 0.54626953125 0.42423828124999996 0.51494140625 0.42423828124999996 0.527109375 0.5576106765625 0.5508398437500001 0.5576106765625 0.54626953125 0.42423828124999996
26 0.415625 0.53125 0.09921875 0.1765625
26 0.5234375 0.76484375 0.19375 0.34921875
26 0.41328125 0.6984375 0.1265625 0.21015625
11 0.50859375 0.2625 0.08046875 0.0421875
16 0.6125 0.28046875 0.040625 0.034375
16 0.54140625 0.40859375 0.021875 0.01640625
16 0.56171875 0.365625 0.025 0.02734375
29 0.74375 0.39375 0.040625 0.19375
28 0.165625 0.5 0.33125 1
28 0.46640625 0.4453125 0.07578125 0.3015625