16 0.34609375 0.4109375 0.0671875 0.078125
16 0.8703125 0.29375 0.1078125 0.1046875
16 0.82109375 0.51796875 0.0625 0.0671875
16 0.8015625 0.59609375 0.0515625 0.0453125
16 0.41171875 0.55 0.059375 0.0625
9 0.39296875 0.70859375 0.0546875 0.1640625
16 0.42578125 0.58671875 0.034375 0.0390625
16 0.45546875 0.6265625 0.0375 0.046875
11 0.48828125 0.48984375 0.071875 0.0640625
20 0.04921875 0.63046875 0.0984375 0.4859375
20 0.48359375 0.715625 0.0953125 0.378125
22 0.2578125 0.7703125 0.41875 0.2359375
22 0.15546875 0.78125 0.2234375 0.209375
22 0.01484375 0.50390625 0.0296875 0.1734375
22 0.13671875 0.4671875 0.0734375 0.103125
14 0.2125 0.67109375 0.065625 0.184375