28 0.1076841703125 0 0 0.466431384375 0 0.8951254296875 0.11718673125000001 0.918966278125 0.47512215312499995 0.5060429578125001 0.4922433703125 0.4065300828125 0.20046636874999998 0 0.1076841703125 0
28 1 0.307960740625 0.997104946875 0.3090126203125 0.6180223218750001 0.414380875 0.5806095046874999 0.5887409515625001 0.8200824375 1 0.8977179578125 1 1 0.5569678046875 1 0.307960740625
28 0.55977139375 0.395887928125 0.54269124375 0.5101567250000001 0.601110490625 0.5445908984375001 0.6223876859375 0.41125274687499996 0.55977139375 0.395887928125
9 0.483507075 0.5031946953124999 0.5430812546875 0.51539165 0.5576715937500001 0.4170517546875 0.496405375 0.4059541734375 0.483507075 0.5031946953124999
9 0.4364902609375 0.5244721484375 0.4482805015625 0.5192897265624999 0.4754334 0.41472296875000003 0.46427112968750006 0.3928787734375 0.4364902609375 0.5244721484375
9 0.61992079375 0.6351137453125 0.6382373218749999 0.6717953078125001 0.6966741640625 0.4176790546875 0.6697591015625 0.41761235625 0.61992079375 0.6351137453125
9 0 0.5109282734375 0.083916565625 0.49630694062499997 0.11523509843749999 0.317499728125 0.0448646328125 0.291571690625 0 0.454473121875 0 0.5109282734375
16 0.8508497671875 0.11687807187499999 0.8929209265625 0.0775608890625 0.767166290625 0.04852814375 0.7806535109375 0.0948188484375 0.8508497671875 0.11687807187499999
16 0.5513704875000001 0.39357425468749996 0.537205953125 0.388854190625 0.536320903125 0.38554220625 0.5296962390625 0.40184683281250005 0.541143184375 0.40448956875000003 0.5513704875000001 0.39357425468749996
16 0.5537913921875 0.3670256390625 0.550891778125 0.3702516234375 0.546905359375 0.383416240625 0.5608317046875 0.387453234375 0.576835303125 0.372659784375 0.5537913921875 0.3670256390625
16 0.573620209375 0.3447364984375 0.590527775 0.3495352609375 0.6022111265625 0.33678456093750003 0.5757472828125 0.325429790625 0.573620209375 0.3447364984375