20 0.4552318671875 0.571776575 0.45395980625 0.5783207578125 0.45033386875000003 0.5878031125 0.43276143125 0.680825890625 0.43175335625000005 0.6938732562500001 0.43278958125000005 0.6950933953125 0.43641608437499996 0.6947796 0.4555752578125 0.6866187390625 0.46165582968749996 0.686781965625 0.465782153125 0.6852070343750001 0.47971574375000003 0.6868967328125 0.4827968359375 0.6854582031249999 0.48914869687499996 0.663262396875 0.491074796875 0.6507330484375 0.49321028437500003 0.6436775546875 0.49280108437500003 0.6405418640625 0.5157431890625 0.5159639109375 0.522484540625 0.4721111890625 0.5571571796875 0.2924257125 0.558510853125 0.282841246875 0.5568836234375001 0.2781105046875 0.5557201921875 0.2775447859375 0.5224084718750001 0.2707300703125 0.506502621875 0.2700152921875 0.5043395546875 0.2719718390625 0.503512715625 0.2762255578125 0.4563840265625 0.53702459375 0.456911428125 0.540862403125 0.4535860609375 0.5605903515625 0.4552318671875 0.571776575
20 0.45476863593749994 0.576780115625 0.450524678125 0.5868214859374999 0.4375406609375 0.654928671875 0.43198919062499996 0.6861089390624999 0.4317623609375 0.69251671875 0.43291678593749994 0.694438978125 0.4364796875 0.694452390625 0.4444233234375 0.6915820390625 0.45459363125 0.6864279296875 0.46171943437499996 0.6864547546875001 0.46560035 0.6848321234375 0.4792249296875 0.6868013296875 0.4824878265625 0.6857377125 0.48914869687499996 0.663262396875 0.492583259375 0.6455931078125 0.5157431890625 0.5159639109375 0.522602740625 0.4728133109375 0.5570935765625 0.292752921875 0.5584472500000001 0.2831684546875 0.5568836234375001 0.2781105046875 0.5330245671875 0.2724540578125 0.5144282484375 0.269858015625 0.5061936125 0.27029479843750004 0.5043395546875 0.2719718390625 0.503512715625 0.2762255578125 0.4565022265625 0.5377267125 0.4535860609375 0.5605903515625 0.45541367031249996 0.5721514859375 0.45476863593749994 0.576780115625
9 0.46328125 0.43359375 0.0703125 0.1640625
9 0.5626917796875001 0.372665778125 0.5299223234375 0.57269018125 0.588229765625 0.5976025578125 0.6368462046875 0.37893282500000003 0.5626917796875001 0.372665778125
9 0.28515625 0.42734375 0.115625 0.2390625
25 0 0.91216819375 0.393058915625 0.98857110625 0.46915835625 0.9743513171875 0.43002340625 0.725045990625 0.2031324015625 0.7814240906250001 0.0664646 0.8662027968749999 0 0.8989937937500001 0 0.91216819375
22 0.22578125 0.68046875 0.4515625 0.3453125
22 0.56171875 0.8421875 0.3046875 0.315625
22 0.27890625 0.809375 0.3890625 0.365625
20 1 0.1023461765625 0.9761677828125 0.0994987609375 0.95994391875 0.10042002812499999 0.9430204218749999 0.1049405953125 0.9200889609375 0.1076141875 0.90894603125 0.1112209484375 0.906719359375 0.1135047046875 0.8945948015624999 0.11692065781250001 0.8904594749999999 0.119852125 0.8850791015624999 0.1252581609375 0.8819163953125001 0.1297369765625 0.8802897328125001 0.1341747953125 0.8798084906250001 0.1418914140625 0.88223554375 0.1464380515625 0.8821269140625001 0.153547953125 0.8676164265624999 0.22950815625 0.860919534375 0.25740962500000003 0.8541506 0.2961634 0.830262321875 0.40595583281250003 0.8104271921875 0.5066885203125 0.7970063921875 0.5665610734375 0.777988853125 0.6604671984375 0.7639136890625 0.721085740625 0.7598515359375 0.731502021875 0.7604065203125 0.7404387765625 0.7305935906250001 0.8728496296875001 0.72153495 0.9233829312499999 0.7218895515625 0.9254892921875 0.7243982171875001 0.92699564375 0.7328602484375 0.929319640625 0.7355867390624999 0.9257747500000001 0.736222203125 0.9133340999999999 0.740048521875 0.9106821375 0.77138855 0.9276403343749999 0.7717887453125 0.9321325625 0.769980278125 0.9361954718750001 0.770971478125 0.9441983015625001 0.77678019375 0.9575520031250001 0.778235190625 0.9697198546875001 0.7748462218750001 0.9897750109375 0.7726569703124999 1 0.8854595468750001 1 0.8907305609374999 0.9766455593750001 0.891448203125 0.970333184375 0.894201709375 0.962718678125 0.9134199531249999 0.8808821234374999 0.914936853125 0.8652170828125 0.9197346609375 0.8457753484375001 0.921534121875 0.843068978125 0.92605950625 0.8276491578125 0.9402525468749999 0.762493559375 0.9537009281250001 0.7077199515625 0.9653222671874999 0.6505537703125001 0.9816147734375 0.5837688328125 0.9819507984375001 0.5794197109375 0.9845134953124999 0.5727868328125 0.9940995375 0.5260913406250001 1 0.5022306109375 1 0.1023461765625
11 0.71484375 0.3203125 0.0765625 0.0671875