22 0.1609375 0.29140625 0.321875 0.5828125
20 0.2357304734375 0 0.235687253125 0.00016524843750000001 0.2278363765625 0.028958256249999998 0.21987047187500003 0.0536831859375 0.218306128125 0.06356007031250001 0.21852238281249997 0.073381484375 0.21690282968750002 0.089999390625 0.21263308125 0.1041726171875 0.2079661015625 0.1064708359375 0.2049340265625 0.1144278125 0.202395796875 0.12246300624999999 0.20200011562500003 0.1345499171875 0.19964592187500002 0.1382269109375 0.19363085468750002 0.1602234265625 0.18767099375000001 0.17547891875 0.1861066484375 0.1853558015625 0.184493221875 0.1891501203125 0.1824518984375 0.1908517375 0.185123571875 0.20274949531250003 0.1877216234375 0.205523403125 0.1912521546875 0.21519477187499997 0.193265875 0.21686366562499998 0.19598969375 0.22843219218750002 0.20921000625000002 0.2504379 0.2158738390625 0.25790562499999997 0.2175256078125 0.255467334375 0.2226020703125 0.239396946875 0.22562034375 0.23312522656249998 0.239944853125 0.1746460984375 0.241596621875 0.1722078078125 0.24699975468750002 0.1524767875 0.24919751250000002 0.1497874828125 0.2543291828125 0.1269760734375 0.2614362296875 0.10447753281250001 0.2834168375 0.0168370578125 0.2885040390625 0.0054932109375000005 0.29003590468749996 0 0.2357304734375 0
20 0.6983012875 0.29314104531249996 0.699400940625 0.303777353125 0.6988595640625 0.3215784921875 0.695171084375 0.3432685265625 0.6950361265625 0.353709290625 0.6930024796875001 0.3665492390625 0.6929687484375 0.3827433390625 0.6890962296875001 0.40879157343749994 0.6900179718749999 0.41096249374999994 0.7015052171875 0.4151443140625 0.704482084375 0.4139283609375 0.7177253890624999 0.4150134296875 0.7312815640625 0.4141231203125 0.7348565640625 0.4123269265625 0.7334685828125 0.406707278125 0.7358258390625 0.396618490625 0.7348933578125 0.3897210328125 0.735473078125 0.373275921875 0.7365926593750001 0.36940338437500003 0.7355344125000001 0.35371131093749997 0.73770608125 0.32401880312500003 0.7362030703125 0.314331075 0.7402780421874999 0.2997895109375 0.7439695859375 0.27168768125 0.744535503125 0.2569278265625 0.74374565625 0.2507279359375 0.744840696875 0.24381411718749998 0.74898158125 0.1729224328125 0.7492376921874999 0.153726159375 0.7473558671875 0.14802829374999998 0.7346202078124999 0.1453361859375 0.7297722546875 0.1455808109375 0.7116395890625 0.149796134375 0.7092991984375 0.151787871875 0.7073345609375 0.1562015421875 0.7054297421875 0.1714243125 0.703064846875 0.22471040156250002 0.700707590625 0.2347991890625 0.6981571062499999 0.2684815578125 0.6991003250000001 0.2801055546875 0.6983012875 0.29314104531249996
22 0.46015625 0.2859375 0.528125 0.296875
25 0.621875 0.78671875 0.7125 0.4265625
22 0.81171875 0.71484375 0.3765625 0.5703125
22 0.84140625 0.46640625 0.3171875 0.5203125
22 0.86015625 0.3328125 0.2796875 0.246875
22 0.13125 0.12578125 0.1890625 0.2515625
22 0.22109375 0.62109375 0.378125 0.7078125
22 0.10234375 0.8609375 0.2046875 0.1875
10 0.615625 0.3671875 0.0609375 0.1