20 0.483927771875 0.5830526703125 0.48508542656250003 0.5896180546875 0.48509849374999997 0.5997700171875 0.5020295921875 0.692911659375 0.5057642296875 0.7054536875 0.5071688875 0.7062214359375 0.5104420671875001 0.704628859375 0.5254041046875 0.6901440046875 0.531139303125 0.6881173078125 0.534427153125 0.6851682421875 0.5480408140625 0.681752359375 0.5504017390625 0.6793052125 0.548377446875 0.6563073375 0.5456854984375 0.64391993125 0.545150684375 0.6365677703125 0.5436449328124999 0.6337869953124999 0.5204184875 0.509261740625 0.5109966703125 0.4659058140625 0.478972853125 0.28572940625 0.47680185 0.2762964234375 0.4735873546875 0.2724630421875 0.47229846249999996 0.272351834375 0.43875711562499997 0.277927603125 0.4236515734375 0.282960446875 0.42233333906250003 0.285562215625 0.4230858140625 0.2898297171875 0.4725494078125 0.550196003125 0.474417128125 0.553589903125 0.47838249531250004 0.573199234375 0.483927771875 0.5830526703125
20 0.485288415625 0.587889884375 0.484924846875 0.598785209375 0.4972106546875 0.6670218015625 0.5032019171875 0.6981205562499999 0.5052864968749999 0.7041840234375 0.5070531234375 0.7055648984375 0.510384184375 0.7043005906250001 0.516771565625 0.698774140625 0.5244192984375 0.6903176531249999 0.5310814203125 0.6877890375 0.53412306875 0.6848833859375001 0.5475484093749999 0.681839184375 0.5502134203125 0.6796768937500001 0.548377446875 0.6563073375 0.5452517796875 0.638580796875 0.5204184875 0.509261740625 0.5113586390625 0.466518940625 0.4790307359375 0.2860576765625 0.4768597328125 0.2766246921875 0.4735873546875 0.2724630421875 0.4492859171875 0.275732615625 0.43099441875 0.2799733265625 0.423463253125 0.28333212812499997 0.42233333906250003 0.285562215625 0.4230858140625 0.2898297171875 0.47291137499999997 0.5508091281249999 0.47838249531250004 0.573199234375 0.48423185625 0.5833375265625 0.485288415625 0.587889884375
9 0.4421875 0.45078125 0.06875 0.1640625
9 0.512895315625 0.35865653750000004 0.5539847265625 0.557138928125 0.6173472109375 0.5595011171875 0.5843703421875001 0.3379327609375 0.512895315625 0.35865653750000004
9 0.2734375 0.509375 0.1125 0.2375
25 0.543744334375 1 0.575250121875 0.9944446796875 0.6411991546875 0.9538977624999999 0.515320490625 0.7351759 0.3237035953125 0.8691198546875001 0.2264951828125 0.9972449546875 0.223949328125 1 0.543744334375 1
22 0.28046875 0.77734375 0.509375 0.3375
22 0.6875 0.815625 0.3 0.3515625
22 0.4046875 0.84375 0.384375 0.3125
20 0.7323815671875 0 0.731102625 0.0009544953125 0.7282925078125 0.0051732234375 0.725206846875 0.0121483453125 0.7238592703125 0.0174630921875 0.7239310234375 0.022189096875 0.7262471328125 0.0295656421875 0.7301423515625001 0.032940517187500004 0.7325888984375 0.0396171109375 0.7462638921875 0.1157321640625 0.750010796875 0.14418038125 0.7575795640625 0.182785915625 0.7746240234374999 0.293846775 0.7922057015624999 0.394997115625 0.8011327093749999 0.45570254375 0.8170312531249999 0.550186740625 0.8256146984375 0.6118231125 0.8255552125 0.62300329375 0.82927598125 0.6311475859375 0.8488950203125001 0.7654477640625 0.8585475656250001 0.8158709921874999 0.8596334671875001 0.8177103703125 0.8625153375 0.8182176468750001 0.8712481703125 0.8173547640625 0.87252319375 0.8130682359374999 0.86865811875 0.8012261593750001 0.8712799171875 0.797379109375 0.9066156281250001 0.8019796875 0.9085991124999999 0.8060301265625001 0.9083667796875 0.8104712765625001 0.9121601015625 0.817587346875 0.92236854375 0.82797244375 0.92808746875 0.8388106875 0.93211071875 0.8587482859375 0.9423404890624999 0.9239626578125 0.9441649968749999 0.9256718015625 0.9468006640625 0.9262224890624999 0.9648312890625 0.9233816796875001 1 0.9168905609375001 1 0.5471001609374999 0.9980064796875 0.531331409375 0.98836940625 0.47379746718750004 0.979646190625 0.40560964374999997 0.9784013109374999 0.40142896875 0.9784167828125 0.39431825468750004 0.9706319578124999 0.3472889265625 0.9663355671874999 0.31284504062499996 0.9492470953125001 0.20585365000000003 0.9472798843750001 0.18893826875 0.9447037015624999 0.1772074 0.9450518000000001 0.1734227921875 0.9420264250000001 0.16346350468749998 0.9423891937500001 0.1583224046875 0.938958640625 0.14606523437500002 0.9393792921875 0.1412524046875 0.9379754359374999 0.13473043125 0.9365854499999999 0.1326061953125 0.937440621875 0.127378271875 0.9361957421874999 0.12319759687500001 0.936543840625 0.11941298593750001 0.9342562703124999 0.1150776875 0.9349663359375 0.11190620468750001 0.9336056906250001 0.1070689890625 0.9338233515625 0.1039843296875 0.932013515625 0.10091869843750001 0.9323037296875001 0.09680581875 0.931174615625 0.09328168125 0.9317110328125 0.089125390625 0.9300463046875 0.08400331875 0.93056805 0.081203515625 0.9292074046875 0.0763663015625 0.92948295 0.0736099125 0.9277603375 0.0681595703125 0.9280937640625 0.06573145 0.92447649375 0.042337509375 0.9228549765625 0.038900195312500004 0.922060090625 0.027193710937499997 0.9239718234375 0.0265181453125 0.9192959593750001 0 0.7323815671875 0
11 0.6359375 0.25546875 0.075 0.065625