16 0.33671875 0.43046875 0.05859375 0.07109375
16 0.8421875 0.25 0.09765625 0.09296875
16 0.82109375 0.47890625 0.05625 0.0609375
16 0.8109375 0.55859375 0.046875 0.040625
16 0.41875 0.56015625 0.053125 0.05625
9 0.41953125 0.7203125 0.0359375 0.16015625
16 0.43671875 0.5953125 0.03046875 0.0359375
16 0.47109375 0.63125 0.0328125 0.04375
11 0.4875 0.49140625 0.06484375 0.05625
20 0.059375 0.6859375 0.05859375 0.48203125
20 0.51015625 0.715625 0.05078125 0.37421875
22 0.2921875 0.79765625 0.39921875 0.18828125
22 0.1921875 0.82109375 0.2015625 0.1859375
22 0.01171875 0.5640625 0.0234375 0.17109375
22 0.13515625 0.51171875 0.0625 0.096875
22 0.01015625 0.81953125 0.0203125 0.18515625
14 0.23515625 0.7046875 0.04375 0.1796875