29 0.19453125 0.375 0.2015625 0.6234375
9 0.37421875 0.55703125 0.0484375 0.5046875
9 0.634375 0.5125 0.02890625 0.278125
9 0.784375 0.5859375 0.13203125 0.57578125
9 0.44921875 0.5078125 0.015625 0.2046875
9 0.4890625 0.49609375 0.01328125 0.121875
9 0.528125 0.47890625 0.01796875 0.08828125
29 0.684375 0.43984375 0.04375 0.159375
16 0.496875 0.2546875 0.04296875 0.0421875
16 0.50390625 0.41953125 0.01328125 0.01171875
16 0.50078125 0.37421875 0.02421875 0.0359375
16 0.54609375 0.42734375 0.009375 0.01484375