9 0.57109375 0.55859375 0.4453125 0.8828125
19 0.2390625 0.47265625 0.0515625 0.109375
19 0.2703125 0.48359375 0.05 0.1015625
22 0.17109375 0.50546875 0.0875 0.1203125
29 0.10078125 0.27265625 0.0640625 0.084375
29 0.14921875 0.4390625 0.0796875 0.115625
29 0.18203125 0.2375 0.0453125 0.09375
29 0.23359375 0.25546875 0.0359375 0.0640625
29 0.23046875 0.40546875 0.05 0.075
29 0.278125 0.4015625 0.0453125 0.0671875
29 0.37578125 0.25234375 0.0546875 0.0609375
27 0.32421875 0.28359375 0.1859375 0.4328125
29 0.3515625 0.403125 0.04375 0.075
29 0.37890625 0.3859375 0.034375 0.075
29 0.4203125 0.37265625 0.0453125 0.08125
27 0.671875 0.11015625 0.478125 0.2203125
18 0.3984375 0.82265625 0.36875 0.3546875