22 0.35234375 0.6125 0.434375 0.20234375
22 0.43984375 0.590625 0.21796875 0.20546875
22 0.35 0.51640625 0.40703125 0.09296875
20 0.57734375 0.51953125 0.07890625 0.42890625
20 0.15 0.4828125 0.04765625 0.28203125
19 0.61015625 0.60234375 0.0828125 0.2984375
9 0.86171875 0.4828125 0.06640625 0.14609375
9 0.6859375 0.4671875 0.04921875 0.12109375
9 0.35078125 0.475 0.03359375 0.109375
14 0.18125 0.48984375 0.071875 0.14921875
9 0.0328125 0.48671875 0.065625 0.1703125
28 0.95390625 0.49375 0.0921875 0.1875
11 0.63359375 0.37578125 0.04921875 0.040625