1 0.84375 0.79140625 0.2890625 0.409375
1 0.64765625 0.659375 0.1 0.1828125
1 0.52421875 0.665625 0.08125 0.1671875
1 0.584375 0.6140625 0.0609375 0.1171875
1 0.4453125 0.61640625 0.0984375 0.096875
1 0.2 0.5671875 0.0875 0.075
1 0.11015625 0.58046875 0.0859375 0.06875
1 0.35234375 0.565625 0.0390625 0.046875
26 0.03125 0.60390625 0.0609375 0.0859375
26 0.5234375 0.590625 0.0875 0.0609375
29 0.228125 0.49375 0.11875 0.1296875
29 0.059375 0.475 0.11875 0.19375
29 0.8640625 0.4296875 0.153125 0.2765625
29 0.6671875 0.478125 0.0578125 0.1671875
29 0.603125 0.4890625 0.0359375 0.1015625
20 0.31015625 0.54609375 0.0875 0.5390625
9 0.440625 0.5296875 0.0546875 0.1421875