20 0.4655 0.5483333328125 0.466 0.5683333328125 0.46975 0.579 0.46975 0.5856666671874999 0.46799999999999997 0.5956666671875 0.46849999999999997 0.6903333328125 0.47000000000000003 0.7033333328125 0.47125000000000006 0.7043333328125 0.47474999999999995 0.7033333328125 0.492 0.6916666671875 0.49800000000000005 0.6906666671874999 0.50175 0.6883333328125001 0.5157499999999999 0.6873333328125 0.5185 0.6853333328125 0.5205 0.6623333328125 0.52 0.6496666671875 0.5207499999999999 0.6423333328124999 0.5197499999999999 0.6393333328125 0.5185 0.5126666671875 0.51675 0.4683333328125 0.5165 0.2853333328125 0.516 0.2756666671875 0.5135 0.2713333328125 0.51225 0.271 0.47824999999999995 0.2706666671875 0.4625 0.273 0.46075 0.2753333328125 0.46075 0.2796666671875 0.46425 0.5446666671875 0.4655 0.5483333328125
20 0.466 0.5683333328125 0.47000000000000003 0.5793333328125 0.47024999999999995 0.584 0.46799999999999997 0.5946666671874999 0.46825 0.6639999999999999 0.46875 0.6956666671875 0.46975 0.702 0.47125000000000006 0.7036666671875 0.47474999999999995 0.7030000000000001 0.48200000000000004 0.6986666671874999 0.491 0.6916666671875 0.49800000000000005 0.6903333328125 0.5015 0.688 0.51525 0.6873333328125 0.51825 0.6856666671875 0.5205 0.6623333328125 0.5205 0.6443333328125 0.5185 0.5126666671875 0.517 0.46900000000000003 0.5165 0.2856666671875 0.516 0.27599999999999997 0.5135 0.2713333328125 0.489 0.2703333328125 0.47024999999999995 0.2713333328125 0.46224999999999994 0.2733333328125 0.46075 0.2753333328125 0.46075 0.2796666671875 0.46449999999999997 0.5453333328125 0.466 0.5683333328125
9 0.4515625 0.44140625 0.04140625 0.159375
9 0.6052321828125 0.5789742906249999 0.6112312484375 0.35504568281250004 0.537243440625 0.36304311093749997 0.54324250625 0.565645209375 0.6052321828125 0.5789742906249999
9 0.275 0.46953125 0.0734375 0.22890625
25 0.4882474859375 1 0.560235503125 0.9715210109375001 0.474249871875 0.734263425 0.26228494375 0.8328985453125 0.1443046546875 0.9421970734375 0.068317209375 1 0.4882474859375 1
22 0.2359375 0.73515625 0.471875 0.259375
22 0.6296875 0.84375 0.25 0.3125
22 0.3421875 0.84609375 0.3359375 0.3078125
20 0.8092499999999999 0.1643333328125 0.808 0.193 0.8087500000000001 0.2323333328125 0.80625 0.3446666671875 0.806 0.44733333281250004 0.80425 0.5086666671875 0.8035 0.604476190625 0.8012499999999999 0.6666666671875 0.79925 0.6776666671875 0.8015000000000001 0.6863333328125 0.7975 0.8220000000000001 0.79825 0.8733333328124999 0.799 0.8753333328125 0.80175 0.8763333328125 0.8105 0.877 0.8125 0.873 0.81075 0.8606666671875001 0.8140000000000001 0.8573333328125001 0.8480000000000001 0.868 0.84925 0.8723333328124999 0.84825 0.8766666671875001 0.85075 0.8843333328125 0.859 0.8963333328124999 0.8627499999999999 0.908 0.8632500000000001 0.9283333328125 0.8619999999999999 0.9943333328125 0.8634999999999999 0.9963333328124999 0.866 0.9973333328124999 0.88425 0.9976666671875 0.96775 0.9970000000000001 0.9702500000000001 0.9946666671875001 0.9712500000000001 0.9826666671875 0.97075 0.978 0.9722500000000001 0.9673333328125 0.9720000000000001 0.9543333328125 0.9727499999999999 0.9516666671875 0.9744999999999999 0.8933333328125 0.974 0.8869999999999999 0.97525 0.8789999999999999 0.9785 0.795 0.977 0.7793333328125 0.978 0.7593333328125 0.9792500000000001 0.7563333328125 0.9807499999999999 0.7403333328125 0.98225 0.6736666671875 0.985 0.6173333328124999 0.9855 0.5589999999999999 0.9887499999999999 0.4903333328125 0.9882500000000001 0.48600000000000004 0.9894999999999999 0.479 0.99 0.4313333328125 0.99175 0.3966666671875 0.9935 0.2883333328125 0.9945 0.2713333328125 0.994 0.2593333328125 0.9949999999999999 0.2556666671875 0.99375 0.24533333281249997 0.9949999999999999 0.2403333328125 0.99375 0.2276666671875 0.9949999999999999 0.223 0.99475 0.21633333281249997 0.99375 0.21400000000000002 0.9955 0.209 0.9949999999999999 0.2046666671875 0.9960000000000001 0.20099999999999998 0.9945 0.1963333328125 0.9957499999999999 0.1933333328125 0.9952500000000001 0.1883333328125 0.9960000000000001 0.1853333328125 0.99475 0.182 0.9957499999999999 0.178 0.9952500000000001 0.17433333281250002 0.9964999999999999 0.17033333281250002 0.9957499999999999 0.16499999999999998 0.9967499999999999 0.1623333328125 0.9962500000000001 0.1573333328125 0.9970000000000001 0.1546666671875 0.9962500000000001 0.149 0.9970000000000001 0.14666666718750002 0.9974999999999999 0.123 0.9964999999999999 0.1193333328125 0.9977499999999999 0.1076666671875 0.99975 0.10733333281249999 0.99975 0.027000000000000003 0.9977499999999999 0.0266666671875 0.9962500000000001 0.0213333328125 0.9942500000000001 0.0186666671875 0.97875 0.0123333328125 0.95475 0.0113333328125 0.891 0.016 0.87525 0.02 0.8595 0.0276666671875 0.8375 0.0346666671875 0.82725 0.0403333328125 0.8255000000000001 0.043 0.81425 0.0486666671875 0.81075 0.0523333328125 0.8065 0.0586666671875 0.80425 0.0636666671875 0.8035 0.06833333281250001 0.8045 0.076 0.8077500000000001 0.08 0.8089999999999999 0.087 0.8092499999999999 0.1643333328125
11 0.6765625 0.2828125 0.0671875 0.0546875