20 0.4578125 0.51796875 0.09609375 0.7390625
28 0.70546875 0.6078125 0.08203125 0.11875
28 0.59453125 0.596875 0.07578125 0.18125
28 0.86953125 0.5875 0.2609375 0.21875
20 0.2765625 0.55859375 0.07109375 0.40703125
22 0.12265625 0.55703125 0.2453125 0.32421875
20 0.20390625 0.56796875 0.04765625 0.2859375
22 0.084375 0.3171875 0.16875 0.19375
22 0.22265625 0.74609375 0.4453125 0.33515625
22 0.1453125 0.7203125 0.290625 0.315625
16 0.91484375 0.42578125 0.03671875 0.03515625
16 0.64609375 0.48046875 0.01953125 0.02734375
16 0.68359375 0.5296875 0.02265625 0.015625
16 0.9640625 0.3421875 0.02265625 0.03046875
11 0.5453125 0.3 0.07109375 0.05078125
11 0.24609375 0.490625 0.0328125 0.028125