22 0.12734375 0.340625 0.24375 0.5671875
20 0.16525 0 0.16275 0.0126666671875 0.1625 0.03 0.16075 0.0476666671875 0.1575 0.0773333328125 0.1535 0.10300000000000001 0.1535 0.11299999999999999 0.15525 0.1226666671875 0.15625 0.1393333328125 0.15425 0.154 0.15 0.157 0.14825 0.1653333328125 0.147 0.17366666718749998 0.14850000000000002 0.1856666671875 0.14675 0.1896666671875 0.14425 0.21233333281250003 0.14075 0.22833333281249998 0.14075 0.2383333328125 0.13974999999999999 0.2423333328125 0.13799999999999998 0.2443333328125 0.14250000000000002 0.2556666671875 0.14550000000000002 0.258 0.1505 0.267 0.15275 0.2683333328125 0.15725 0.2793333328125 0.17375000000000002 0.29900000000000004 0.1815 0.30533333281249997 0.18275 0.3026666671875 0.18525 0.286 0.18725 0.2793333328125 0.19225 0.2193333328125 0.1935 0.2166666671875 0.19575 0.1963333328125 0.1975 0.1933333328125 0.199 0.16999999999999998 0.20249999999999999 0.14666666718750002 0.2105 0.0566666671875 0.21375000000000002 0.044666667187499995 0.21475 0.036 0.21400000000000002 0.0286666671875 0.21075 0.0216666671875 0.20099999999999998 0.008 0.1915 0.002 0.19125 0 0.16525 0
20 0.6595 0.2403333328125 0.66225 0.25166666718749997 0.6635 0.2646666671875 0.66625 0.275 0.6685 0.2926666671875 0.66825 0.31466666718749997 0.66975 0.325 0.66975 0.33799999999999997 0.67225 0.354 0.6725 0.3803333328125 0.67375 0.3823333328125 0.68575 0.3846666671875 0.6885 0.383 0.70175 0.382 0.7150000000000001 0.379 0.71825 0.37666666718749997 0.716 0.3713333328125 0.71675 0.361 0.71475 0.3543333328125 0.71275 0.33799999999999997 0.71325 0.33399999999999996 0.70975 0.3186666671875 0.7072499999999999 0.28900000000000003 0.70425 0.2796666671875 0.706 0.2646666671875 0.70525 0.2363333328125 0.7035 0.2216666671875 0.70175 0.2156666671875 0.70175 0.20866666718750002 0.69475 0.13799999999999998 0.692 0.119 0.68925 0.1136666671875 0.67625 0.11299999999999999 0.6715 0.11399999999999999 0.65425 0.121 0.65225 0.1233333328125 0.651 0.128 0.6515 0.1433333328125 0.6575 0.1963333328125 0.65675 0.2066666671875 0.6595 0.2403333328125
22 0.42734375 0.29453125 0.49921875 0.221875
25 0.67109375 0.79921875 0.6578125 0.3984375
22 0.85234375 0.69765625 0.2953125 0.6015625
22 0.85390625 0.4109375 0.2890625 0.48046875
22 0.8515625 0.275 0.296875 0.20234375
22 0.07734375 0.18828125 0.1546875 0.2296875
22 0.24375 0.66328125 0.27578125 0.67265625
22 0.12890625 0.925 0.25703125 0.14921875
10 0.59375 0.35078125 0.046875 0.09375