24 0.33984375 0.46328125 0.1390625 0.15625
29 0.5609375 0.45390625 0.07109375 0.18828125
29 0.0953125 0.04765625 0.18984375 0.0953125
29 0.33671875 0.08671875 0.2609375 0.1734375
29 0.55546875 0.134375 0.071875 0.1921875
29 0.78125 0.221875 0.03671875 0.1234375
29 0.76484375 0.0328125 0.03046875 0.065625
29 0.6328125 0.0125 0.05859375 0.02421875
29 0.94375 0.14140625 0.04296875 0.2828125
29 0.99296875 0.04375 0.0140625 0.0875
3 0.96796875 0.58984375 0.0640625 0.2828125
3 0.546875 0.65078125 0.18828125 0.1078125
27 0.98515625 0.28046875 0.0296875 0.2734375
22 0.1765625 0.203125 0.33125 0.209375
22 0.81015625 0.35703125 0.23046875 0.13046875
22 0.98203125 0.396875 0.0359375 0.096875