25 0.37578125 0.66484375 0.7515625 0.6703125
22 0.38828125 0.65625 0.7703125 0.6875
22 0.37109375 0.36640625 0.7421875 0.4765625
22 0.834375 0.68359375 0.33125 0.6328125
9 0.23203125 0.1359375 0.2015625 0.271875
9 0.55 0.10859375 0.09375 0.2140625
28 0.65546875 0.1078125 0.171875 0.1984375
9 0.74921875 0.10546875 0.0640625 0.1515625
9 0.90546875 0.1671875 0.1609375 0.24375
20 0.7859375 0.23125 0.1421875 0.396875
28 0.13046875 0.1234375 0.1828125 0.246875
28 0.3953125 0.125 0.284375 0.25
28 0.9578125 0.1859375 0.084375 0.25625