28 0.2212451171875 0.9943424484375001 0.477119140625 0.511484375 0.471416015625 0.41067057343749996 0.0795751953125 0.0660416671875 0.005263671875 0 0.005263671875 1 0.2212451171875 0.9943424484375001
28 1 0.1640755203125 0.9414013671875001 0.20208333281250002 0.5957373046875001 0.39002604218750003 0.598505859375 0.5683333328125 1 0.995703125 1 0.1640755203125
28 0.6085498046875 0.520703125 0.599287109375 0.38599609375 0.5348193359375 0.3851106765625 0.5438818359375001 0.50029296875 0.6085498046875 0.520703125
9 0.5375341796875001 0.40620442656250005 0.475341796875 0.4091731765625 0.48464843750000003 0.5068229171875 0.545439453125 0.5053059890625 0.5375341796875001 0.40620442656250005
9 0.45687988281249997 0.4224348953125 0.441089825 0.40366153125000004 0.443623046875 0.5381315109375 0.4539453125 0.5304296875000001 0.45687988281249997 0.4224348953125
9 0.673115234375 0.375546875 0.646875 0.3815364578125 0.6472412109375 0.6046744796875 0.67333984375 0.6362955734375 0.673115234375 0.375546875
9 0 0.6295703125000001 0.09375 0.5900000000000001 0.08404296875 0.40873046874999996 0.0096435546875 0.399296875 0 0.6295703125000001
16 0.6587597656249999 0 0.6823144531249999 0.0420703125 0.7556738281250001 0.0477734375 0.787822265625 0 0.6587597656249999 0
16 0.50685546875 0.3976822921875 0.518603515625 0.3976822921875 0.52611328125 0.38474609375 0.51125 0.38333333281250004 0.5096426000000001 0.3803053265625 0.50685546875 0.3976822921875
16 0.533955078125 0.3766536453125 0.546220703125 0.3586393234375 0.5225 0.3583333328125 0.520400390625 0.36212890625 0.5194775390624999 0.37585286406249996 0.533955078125 0.3766536453125
16 0.5628759765625 0.3179752609375 0.5345361328125 0.31286458281249996 0.5368066406249999 0.33215494843750004 0.5543603515625 0.33302734375 0.5628759765625 0.3179752609375