20 0.4546875 0.50703125 0.271875 0.740625
28 0.6734375 0.6546875 0.1078125 0.134375
28 0.56796875 0.6171875 0.1171875 0.19375
28 0.8375 0.67421875 0.30625 0.275
20 0.26875 0.503125 0.1671875 0.4125
22 0.1390625 0.46328125 0.278125 0.3734375
20 0.19609375 0.49453125 0.115625 0.2890625
22 0.140625 0.221875 0.2109375 0.228125
22 0.21328125 0.67109375 0.4265625 0.4328125
22 0.140625 0.62734375 0.28125 0.3765625
16 0.9203125 0.528125 0.04375 0.04375
16 0.64609375 0.51640625 0.025 0.03125
16 0.67109375 0.5734375 0.025 0.0203125
16 0.98671875 0.459375 0.0265625 0.034375
11 0.5921875 0.3171875 0.08125 0.0671875
11 0.25625 0.4296875 0.0390625 0.0359375