24 0.353125 0.42578125 0.1734375 0.1859375
29 0.5703125 0.4703125 0.1140625 0.2
29 0.21640625 0.01640625 0.2078125 0.0328125
29 0.44140625 0.0875 0.2953125 0.175
29 0.6421875 0.15859375 0.115625 0.203125
29 0.83984375 0.2984375 0.065625 0.128125
29 0.8703125 0.1109375 0.0453125 0.0703125
29 0.746875 0.059375 0.0625 0.0375
29 0.98125 0.259375 0.0375 0.284375
3 0.93203125 0.7 0.13125 0.290625
3 0.509375 0.6578125 0.209375 0.15
27 0.98828125 0.4046875 0.0234375 0.271875
22 0.2578125 0.1375 0.371875 0.275
22 0.83515625 0.4359375 0.2546875 0.1828125
22 0.98203125 0.515625 0.0359375 0.103125