9 0.8083360562499999 0 0.7385820484375001 0.1533284203125 0.8832168453125 0.8155473656250001 1 0.9037562687499999 1 0.8680840046875 0.8184951703125 0 0.8083360562499999 0
9 0.7225058375 0.6270792078125 0.7410994625 0.6301503015625001 0.6694771 0.3040623171875 0.6555808015625 0.3273832125 0.7225058375 0.6270792078125
28 0.575 0.46953125 0.096875 0.16875
9 0.634075171875 0.5592692140625 0.658240340625 0.555407646875 0.6149557953125 0.382833290625 0.5855800296875 0.3899825625 0.634075171875 0.5592692140625
9 0.6600227359375 0.556772309375 0.674204640625 0.5596663203125 0.6400704765625 0.36241208281250004 0.6132649765625 0.3761052171875 0.6600227359375 0.556772309375
9 0.3744433 0.7396361812500001 0.398489703125 0.7444528125 0.32152679375000004 0.3614103546875 0.29368668593749997 0.3754107125 0.3744433 0.7396361812500001
26 0.5421875 0.54296875 0.1953125 0.2609375
9 0.537603934375 0.5513794937500001 0.5608984078125 0.54685150625 0.5309634125 0.4168015953125 0.5002108734374999 0.4227792828125 0.537603934375 0.5513794937500001
26 0.4234375 0.546875 0.13125 0.1921875
26 0.5734375 0.75546875 0.25625 0.3796875
26 0.453125 0.71171875 0.1640625 0.2296875
11 0.46328125 0.26484375 0.0875 0.05625
16 0.56875 0.26328125 0.046875 0.0421875
16 0.5234375 0.40234375 0.025 0.0203125
16 0.53515625 0.35625 0.0296875 0.03125
29 0.71875 0.34921875 0.0765625 0.1984375
28 0.21484375 0.5203125 0.4296875 0.959375
28 0.45625 0.45234375 0.13125 0.3109375