25 0.42734375 0.671875 0.8546875 0.65625
22 0.4609375 0.65625 0.821875 0.6875
22 0.35703125 0.425 0.7140625 0.540625
22 0.84609375 0.57109375 0.3078125 0.7109375
9 0.11015625 0.2390625 0.2203125 0.334375
9 0.4 0.11796875 0.1140625 0.2171875
28 0.49609375 0.09140625 0.1859375 0.1828125
9 0.5828125 0.05859375 0.078125 0.1171875
9 0.7515625 0.0828125 0.18125 0.165625
20 0.6640625 0.17109375 0.18125 0.3421875
28 0.0546875 0.25859375 0.109375 0.3203125
28 0.25546875 0.17578125 0.3046875 0.30625
28 0.8359375 0.07890625 0.171875 0.1578125