1 0.83828125 0.79765625 0.28203125 0.4046875
1 0.64453125 0.66171875 0.09609375 0.18046875
1 0.52109375 0.66640625 0.07890625 0.165625
1 0.58203125 0.615625 0.05859375 0.115625
1 0.44296875 0.615625 0.09609375 0.09453125
1 0.19921875 0.56171875 0.08671875 0.0734375
1 0.10859375 0.5734375 0.084375 0.0671875
1 0.3515625 0.56328125 0.03828125 0.046875
26 0.0296875 0.59609375 0.059375 0.08515625
26 0.521875 0.59140625 0.0859375 0.059375
29 0.228125 0.4890625 0.11640625 0.128125
29 0.059375 0.46796875 0.11796875 0.1921875
29 0.865625 0.4359375 0.1484375 0.27421875
29 0.6671875 0.48125 0.0546875 0.16640625
29 0.603125 0.490625 0.03359375 0.10078125
20 0.309375 0.54296875 0.078125 0.53828125
9 0.43984375 0.52890625 0.05234375 0.140625