28 0.18515625 0.6375 0.36875 0.3
20 0.248 0.6940000000000001 0.248 0.7466666671875 0.24674999999999997 0.7513333328125 0.24575 0.8733333328124999 0.244 0.8776666671875001 0.24375 0.8906666671875 0.244 0.893 0.24625 0.8963333328124999 0.2555 0.8993333328125 0.2625 0.9003333328125 0.28700000000000003 0.8993333328125 0.3025 0.8953333328124999 0.31124999999999997 0.889 0.312 0.8856666671875001 0.31124999999999997 0.861 0.31 0.8503333328125 0.31 0.7393333328125 0.3125 0.5063333328125 0.31124999999999997 0.48913333281250004 0.31225 0.3923333328125 0.3055 0.389 0.2855 0.3863333328125 0.25875 0.388 0.2515 0.3896666671875 0.24975 0.3923333328125 0.24975 0.4836666671875 0.2485 0.5003333328124999 0.24700000000000003 0.679 0.248 0.6940000000000001
20 0.8067500000000001 0.4006666671875 0.8087500000000001 0.40533333281250006 0.8082499999999999 0.409 0.8099999999999999 0.421 0.8085000000000001 0.4246666671875 0.81125 0.44000000000000006 0.8115 0.4523333328125 0.8102499999999999 0.46266666718750005 0.81125 0.47000000000000003 0.8105 0.4783333328125 0.81125 0.48333333281249996 0.8109999999999999 0.49066666718749996 0.8099999999999999 0.49366666718749996 0.8099999999999999 0.5073333328125 0.81225 0.5883333328125 0.8135 0.615 0.8147500000000001 0.6203333328125 0.8150000000000001 0.6513333328125 0.8182499999999999 0.6980000000000001 0.8182499999999999 0.737 0.82 0.7526666671875 0.8210000000000001 0.7861666671875 0.82125 0.8573333328125001 0.82225 0.8626666671875001 0.82175 0.8733333328124999 0.8230000000000001 0.8893333328124999 0.8227499999999999 0.914 0.82125 0.922 0.8215 0.9349999999999999 0.8300000000000001 0.9433333328125 0.842 0.9480000000000001 0.86 0.9513333328125 0.899 0.951 0.90825 0.9470000000000001 0.9099999999999999 0.943 0.91075 0.9339999999999999 0.9067500000000001 0.8946666671875001 0.906 0.8543333328125 0.9047499999999999 0.8386666671875 0.9027499999999999 0.8300000000000001 0.9035 0.8103333328125 0.9019999999999999 0.7943333328125 0.90075 0.7923333328125 0.90075 0.7893333328125001 0.9022500000000001 0.787 0.9012499999999999 0.784 0.9022500000000001 0.779 0.901 0.7746666671875 0.9015000000000001 0.7703333328124999 0.9005000000000001 0.7656666671875 0.9 0.7233333328125 0.8985 0.7163333328125 0.8985 0.6976666671875 0.9005000000000001 0.686 0.89875 0.6673333328125 0.899 0.6283333328125 0.8957499999999999 0.6093333328125 0.8945000000000001 0.5666666671875 0.89275 0.5506666671875 0.89375 0.5436666671875 0.8925000000000001 0.5336666671875 0.8905 0.43533333281250003 0.889 0.42766666718749996 0.88475 0.3303333328125 0.8815 0.3243333328125 0.8772500000000001 0.3213333328125 0.8564999999999999 0.3193333328125 0.83725 0.32166666718750003 0.8262499999999999 0.32599999999999996 0.81125 0.3293333328125 0.8055 0.3333333328125 0.8039999999999999 0.3366666671875 0.8065 0.368 0.8055 0.3783333328125 0.80725 0.3876666671875 0.8067500000000001 0.4006666671875
1 0.05859375 0.72890625 0.1171875 0.16953125
1 0.18515625 0.728125 0.13984375 0.128125
22 0.56328125 0.7625 0.4953125 0.19765625
22 0.65234375 0.79375 0.19375 0.2328125
28 0.63125 0.6359375 0.2515625 0.2109375
9 0.56875 0.64453125 0.065625 0.21484375
28 0.440625 0.64140625 0.1296875 0.228125
9 0.41953125 0.64375 0.0390625 0.20625
10 0.78515625 0.8359375 0.0796875 0.2234375
25 0.94765625 0.72890625 0.1046875 0.4421875
22 0.93046875 0.66171875 0.06953125 0.4421875
22 0.75546875 0.4078125 0.13046875 0.1609375