22 0.33203125 0.5796875 0.4671875 0.2875
22 0.42265625 0.57578125 0.25625 0.246875
22 0.35 0.48515625 0.4171875 0.175
20 0.571875 0.53515625 0.165625 0.4359375
20 0.1609375 0.41015625 0.1046875 0.2859375
19 0.58671875 0.62265625 0.14375 0.309375
9 0.85703125 0.55859375 0.0953125 0.15625
9 0.6890625 0.50625 0.0734375 0.128125
9 0.359375 0.44453125 0.05625 0.1140625
14 0.190625 0.4234375 0.1015625 0.1609375
9 0.04765625 0.38984375 0.0953125 0.1796875
28 0.93984375 0.5875 0.1203125 0.203125
11 0.65625 0.40625 0.05625 0.05