28 0.1859375 0.59140625 0.371875 0.3484375
20 0.214235771875 0.7136417859375 0.1962663859375 0.8343153171875001 0.1939303328125 0.8383629265625 0.191873515625 0.85120161875 0.1917963453125 0.8535470374999999 0.19356053906249998 0.8571610703125 0.2023029984375 0.861419225 0.20909570156249999 0.8633837046874999 0.23349644375 0.865803178125 0.24940229062500002 0.8639992890625001 0.258948565625 0.8589453562499999 0.2601551765625 0.8557488421875 0.26284541250000004 0.83121785 0.263092090625 0.8204810234375 0.2785403046875 0.71056126875 0.31344330781249996 0.480176740625 0.31459925 0.4629701640625 0.32906147343750003 0.36725138749999997 0.32284107500000003 0.3630110765625 0.30340684218749997 0.3575868984375 0.27668521562500004 0.355514465625 0.2692738171875 0.3561559078125 0.26716972031249997 0.35855306875 0.2544585765625 0.448997553125 0.25090118906250003 0.4653280546875 0.22455019375 0.6420471890624999 0.22345286562500002 0.657040384375 0.21612308125 0.709194503125 0.214235771875 0.7136417859375
20 0.8401304578125 1 0.8420665625 0.9994672453125 0.844356225 0.9957497265624999 0.8463514828125 0.9869416937500001 0.8478645531250001 0.9474344578125 0.8527351671875 0.9073892640624999 0.8536777109375 0.8917010984375 0.8529033406250001 0.8828404296875 0.8563831140625 0.8634695359375 0.85712448125 0.8474164875 0.8561649921875001 0.845261984375 0.8565825109375 0.84229118125 0.8583926500000001 0.8401893156250001 0.8578199015625 0.8370793390625 0.8595060359375 0.8322671703125 0.858871284375 0.82780204375 0.8599695015625001 0.8235804671875 0.8596287078125 0.8188200437500001 0.8650252343749999 0.7768291078125 0.8645140453125 0.769688471875 0.8671119421875 0.75120346875 0.8707161640625 0.7399286875 0.87158109375 0.7212001296875 0.8772564109375001 0.68261446875 0.8766823296874999 0.6633470625 0.8813825468750001 0.620921659375 0.8818763468749999 0.60483381875 0.8838408265625001 0.5980411140624999 0.883994721875 0.5879644671875 0.8956995421875 0.4903097609375 0.8952811328125 0.482508946875 0.904618675 0.3855313671875 0.9022353437499999 0.379137446875 0.8984442234375001 0.37557515625 0.87817450625 0.370706778125 0.8587871093749999 0.3703383234375 0.8472910765625 0.37309857968750004 0.8319731453125 0.3743118765625 0.8257224125 0.377472703125 0.8237731 0.3805648390625 0.8218880125 0.41194117031250005 0.819459621875 0.42203476718750005 0.8198936421875 0.4315208234375 0.8175892578124999 0.4443247203125 0.8189203203125001 0.4492243171875 0.8179148843749999 0.45278571406249996 0.8179777765624999 0.464912484375 0.8159820734375 0.46833470781250003 0.8165713218749999 0.48390154374999994 0.815102421875 0.4961496421875 0.8124264640625001 0.506208446875 0.8123961296875001 0.5136095859375 0.8104936531250001 0.5217574390624999 0.8105404875 0.526813159375 0.80927231875 0.5340403328125001 0.8078645312500001 0.5368719640624999 0.8059624984375 0.5504056265624999 0.79691758125 0.6309304796874999 0.7944441328125 0.6575115953124999 0.7949397109375 0.662966990625 0.7908729125 0.69370009375 0.7875965390624999 0.7403649171875 0.7821687875000001 0.7789853718749999 0.7817213781250001 0.794743125 0.7780493468749999 0.8280562781249999 0.7683924296875 0.8985651484374999 0.768640440625 0.9039857515625 0.7666607937500001 0.9144790234375 0.765671859375 0.9304972796875 0.7619913546875 0.9548890984374999 0.7593925687499999 0.9626024843750001 0.7578308859375 0.9755107625000001 0.7650883875 0.9849459671874999 0.7763221296875 0.9912372953125 0.7936830453125 0.9970433046875 0.8161102093749999 1 0.8401304578125 1
1 0.05 0.665625 0.1 0.184375
1 0.15625 0.68203125 0.15625 0.146875
22 0.52578125 0.76875 0.51875 0.2640625
22 0.61015625 0.81171875 0.225 0.2578125
28 0.6109375 0.653125 0.278125 0.24375
9 0.54765625 0.65234375 0.0953125 0.221875
28 0.421875 0.63203125 0.1609375 0.24375
9 0.4 0.63125 0.0671875 0.209375
10 0.7359375 0.87265625 0.109375 0.2328125
25 0.9109375 0.78125 0.165625 0.4375
22 0.90390625 0.7203125 0.1296875 0.446875
22 0.765625 0.44453125 0.1515625 0.178125