9 0.5625 0.565625 0.35 0.86875
19 0.24375 0.440625 0.0390625 0.109375
19 0.27421875 0.45625 0.0390625 0.1015625
22 0.17265625 0.465625 0.075 0.1140625
29 0.13203125 0.22578125 0.05625 0.0796875
29 0.159375 0.396875 0.0671875 0.1109375
29 0.21640625 0.2 0.034375 0.0921875
29 0.265625 0.225 0.028125 0.0625
29 0.24453125 0.3734375 0.0421875 0.0734375
29 0.2921875 0.375 0.0390625 0.065625
29 0.40625 0.2390625 0.0484375 0.0578125
27 0.35234375 0.2640625 0.1375 0.4328125
29 0.36484375 0.3859375 0.0359375 0.0734375
29 0.39375 0.371875 0.0265625 0.075
29 0.43671875 0.3640625 0.0359375 0.0796875
27 0.72421875 0.1109375 0.4609375 0.221875
18 0.35546875 0.821875 0.3328125 0.35625