20 0.4734375 0.56640625 0.0546875 0.44296875
20 0.3828125 0.54609375 0.03125 0.2125
1 0.13203125 0.65703125 0.12109375 0.1578125
1 0.1828125 0.621875 0.06484375 0.10078125
26 0.23046875 0.65 0.10859375 0.1203125
1 0.271875 0.62109375 0.0515625 0.10546875
1 0.2234375 0.58984375 0.05625 0.05234375
1 0.3359375 0.6828125 0.10390625 0.128125
1 0.53125 0.5875 0.075 0.059375
1 0.671875 0.615625 0.1015625 0.08515625
1 0.9 0.6625 0.11953125 0.14609375
29 0.11171875 0.46953125 0.05 0.175
29 0.16953125 0.490625 0.021875 0.1015625
29 0.20625 0.50078125 0.0171875 0.075
29 0.5421875 0.5203125 0.08203125 0.10390625
29 0.815625 0.509375 0.36875 0.209375
2 0.4140625 0.51796875 0.04375 0.07578125
9 0.31015625 0.54765625 0.0328125 0.13203125
19 0.23359375 0.57109375 0.03515625 0.05859375
7 0.83671875 0.6765625 0.06875 0.1296875
26 0.84140625 0.6671875 0.07890625 0.1140625