1 0.86171875 0.74140625 0.2765625 0.4390625
1 0.559375 0.51953125 0.1125 0.0859375
1 0.80703125 0.59609375 0.203125 0.1765625
20 0.72421875 0.4359375 0.1015625 0.34375
1 0.778125 0.49140625 0.0421875 0.059375
1 0.44765625 0.53984375 0.1078125 0.103125
7 0.37265625 0.575 0.0703125 0.1125
26 0.9359375 0.6046875 0.128125 0.2
20 0.20390625 0.51640625 0.4046875 0.9671875
29 0.37734375 0.42890625 0.146875 0.1828125
29 0.58125 0.41484375 0.2 0.1671875
29 0.04140625 0.4484375 0.0828125 0.26875
9 0.85859375 0.4296875 0.115625 0.2140625
16 0.3453125 0.17421875 0.0453125 0.0671875
16 0.55546875 0.25859375 0.034375 0.046875
16 0.6609375 0.30078125 0.0359375 0.040625
16 0.9328125 0.32265625 0.03125 0.0265625
16 0.940625 0.13828125 0.028125 0.071875