25 0.5 0.7171875 1 0.56484375
22 0.5 0.7796875 1 0.43984375
22 0.05548828125000001 0.43646484374999994 0.7943994140624999 0.8030989578125001 0.82740234375 0.55986328125 0.0390380859375 0.0822200515625 0.041225585937499996 0.0798111984375 0 0.0462109375 0.05548828125000001 0.43646484374999994
22 0.645 0.08 0.6453173828125001 0.0824609375 0.5676611328125001 0.1476497390625 0.70762075625 0.3543234015625 0.4564892578125 0.4685677078125 0.4663037109375 0.5962760421875 0.7643603515625 0.4498307296875 0.80703125 0.3175716140625 0.645 0.08
22 0.33625 0 0.025390625 0.0848177078125 0.08839843750000001 0.44115234374999995 0.3312841796875 0.22763671875 0.33625 0
22 0.326796875 0 0.34875 0.175 0.5795849609375 0 0.326796875 0
22 0.6860595703125 0.0868229171875 0.9737500000000001 0.16 1 0.014335937500000001 0.818984375 0.0098893234375 0.6860595703125 0.0868229171875
22 0.7089794921875 0.46476562499999996 0.722216796875 0.37599609375 0.5108790484375 0.33210879375 0.51548828125 0.39309895781250004 0.7089794921875 0.46476562499999996
20 0.49765625 0.29609375 0.0484375 0.265625
20 0.43359375 0.4546875 0.05703125 0.29296875
20 0.2265625 0.11484375 0.1203125 0.2296875
25 0.7265625 0.26953125 0.2984375 0.3359375
19 0.78515625 0.18125 0.0703125 0.20546875
19 0.85859375 0.4828125 0.11171875 0.24375
19 0.63671875 0.33046875 0.03046875 0.11328125
25 0.59609375 0.54765625 0.34609375 0.2015625