9 0.5546875 0.575 0.24765625 0.85
19 0.253125 0.41015625 0.02578125 0.10703125
19 0.28125 0.42890625 0.02734375 0.0984375
22 0.1796875 0.42578125 0.0625 0.1078125
29 0.16796875 0.1828125 0.046875 0.075
29 0.17421875 0.35625 0.05546875 0.10546875
29 0.2546875 0.16796875 0.02421875 0.08984375
29 0.30078125 0.1984375 0.02109375 0.0609375
29 0.26171875 0.34296875 0.03359375 0.06953125
29 0.30859375 0.35078125 0.03203125 0.06171875
29 0.4390625 0.2296875 0.04296875 0.05234375
27 0.38203125 0.24765625 0.0859375 0.425
29 0.3796875 0.3703125 0.02734375 0.0703125
29 0.41015625 0.36015625 0.01796875 0.07265625
29 0.45390625 0.35703125 0.02734375 0.0765625
27 0.7734375 0.11328125 0.43671875 0.2265625
18 0.315625 0.8203125 0.290625 0.359375