1 0.85625 0.72109375 0.2875 0.4546875
1 0.675 0.628125 0.13125 0.196875
1 0.55546875 0.65859375 0.1109375 0.178125
1 0.60390625 0.59609375 0.08125 0.125
1 0.46796875 0.625 0.1140625 0.1125
1 0.21875 0.62265625 0.1 0.090625
1 0.13203125 0.653125 0.096875 0.0828125
1 0.36796875 0.59296875 0.046875 0.053125
26 0.06015625 0.69140625 0.0765625 0.0953125
26 0.540625 0.58515625 0.096875 0.0765625
29 0.23203125 0.54609375 0.140625 0.15
29 0.06953125 0.559375 0.1390625 0.2125
29 0.84453125 0.3609375 0.2015625 0.2984375
29 0.659375 0.446875 0.0875 0.1734375
29 0.59921875 0.46953125 0.053125 0.10625
20 0.32265625 0.58203125 0.1890625 0.5421875
9 0.446875 0.540625 0.0796875 0.1484375