24 0.346875 0.44140625 0.159375 0.1734375
29 0.56640625 0.4625 0.096875 0.196875
29 0.16171875 0.028125 0.2015625 0.05625
29 0.39609375 0.0859375 0.2828125 0.171875
29 0.60546875 0.1453125 0.0984375 0.2
29 0.8171875 0.2640625 0.053125 0.128125
29 0.82734375 0.07421875 0.0390625 0.06875
29 0.69921875 0.0359375 0.0609375 0.0328125
29 0.97421875 0.20703125 0.0515625 0.2859375
3 0.94921875 0.65390625 0.1015625 0.2890625
3 0.52578125 0.65546875 0.2015625 0.1328125
27 0.98828125 0.35 0.0234375 0.275
22 0.22109375 0.1609375 0.3578125 0.253125
22 0.82734375 0.4015625 0.246875 0.1609375
22 0.98359375 0.46484375 0.0328125 0.1015625